/*--------------------------------*- C++ -*----------------------------------*\
| =========                 |                                                 |
| \\      /  F ield         | OpenFOAM: The Open Source CFD Toolbox           |
|  \\    /   O peration     | Version:  2306                                  |
|   \\  /    A nd           | Website:  www.openfoam.com                      |
|    \\/     M anipulation  |                                                 |
\*---------------------------------------------------------------------------*/
FoamFile
{
    version     2.0;
    format      ascii;
    arch        "LSB;label=32;scalar=64";
    class       faceList;
    location    "constant/polyMesh";
    object      faces;
}
// * * * * * * * * * * * * * * * * * * * * * * * * * * * * * * * * * * * * * //


1029
(
4(355 354 574 575)
4(354 355 357 356)
4(348 572 573 349)
4(348 349 355 354)
4(346 570 571 347)
4(346 347 349 348)
4(340 568 569 341)
4(340 341 347 346)
4(338 566 567 339)
4(338 339 341 340)
4(337 336 564 565)
4(336 337 339 338)
4(254 562 563 255)
4(254 255 337 336)
4(252 560 561 253)
4(252 253 255 254)
4(250 558 559 251)
4(250 251 253 252)
4(247 246 556 557)
4(246 247 251 250)
4(244 554 555 245)
4(244 245 247 246)
4(222 552 553 223)
4(222 223 245 244)
4(220 550 551 221)
4(220 221 223 222)
4(214 548 549 215)
4(214 215 221 220)
4(211 210 546 547)
4(210 211 215 214)
4(208 544 545 209)
4(208 209 211 210)
4(48 542 543 49)
4(48 49 209 208)
4(46 540 541 47)
4(46 47 49 48)
4(45 44 538 539)
4(44 45 47 46)
4(38 536 537 39)
4(38 39 45 44)
4(36 534 535 37)
4(36 37 39 38)
4(30 532 533 31)
4(30 31 37 36)
4(28 530 531 29)
4(28 29 31 30)
4(19 18 528 529)
4(18 19 29 28)
4(16 526 527 17)
4(16 17 19 18)
4(14 524 525 15)
4(14 15 17 16)
4(4 522 523 5)
4(4 5 15 14)
4(484 488 489 485)
4(482 484 485 483)
4(484 494 495 485)
4(504 514 515 505)
4(510 514 515 511)
4(500 510 511 501)
4(500 501 505 504)
4(510 512 513 511)
4(396 397 511 510)
4(388 389 501 500)
4(388 396 397 389)
4(498 499 501 500)
4(386 387 499 498)
4(386 388 389 387)
4(498 499 503 502)
4(492 498 499 493)
4(492 493 497 496)
4(380 381 493 492)
4(380 386 387 381)
4(490 491 493 492)
4(378 379 491 490)
4(378 380 381 379)
4(490 491 495 494)
4(480 490 491 481)
4(480 481 485 484)
4(334 335 481 480)
4(334 378 379 335)
4(478 479 481 480)
4(332 333 479 478)
4(332 334 335 333)
4(478 479 483 482)
4(472 478 479 473)
4(472 473 477 476)
4(326 327 473 472)
4(326 332 333 327)
4(470 471 473 472)
4(324 325 471 470)
4(324 326 327 325)
4(470 471 475 474)
4(460 461 465 464)
4(460 470 471 461)
4(454 455 467 466)
4(454 456 457 455)
4(440 454 455 441)
4(440 441 449 448)
4(450 454 455 451)
4(436 450 451 437)
4(436 437 441 440)
4(452 456 457 453)
4(450 452 453 451)
4(458 462 463 459)
4(452 458 459 453)
4(458 460 461 459)
4(302 460 461 303)
4(300 302 303 301)
4(300 301 459 458)
4(302 324 325 303)
4(320 324 325 321)
4(298 320 321 299)
4(298 299 303 302)
4(322 326 327 323)
4(320 322 323 321)
4(328 332 333 329)
4(322 328 329 323)
4(330 334 335 331)
4(328 330 331 329)
4(374 378 379 375)
4(330 374 375 331)
4(376 380 381 377)
4(374 376 377 375)
4(382 386 387 383)
4(376 382 383 377)
4(384 388 389 385)
4(382 384 385 383)
4(384 394 395 385)
4(372 392 393 373)
4(372 373 385 384)
4(368 390 391 369)
4(368 369 373 372)
4(352 353 369 368)
4(352 356 357 353)
4(366 367 369 368)
4(350 351 367 366)
4(350 352 353 351)
4(370 371 373 372)
4(366 367 371 370)
4(370 371 383 382)
4(364 365 377 376)
4(364 370 371 365)
4(362 363 375 374)
4(362 364 365 363)
4(318 362 363 319)
4(318 319 331 330)
4(358 362 363 359)
4(314 358 359 315)
4(314 315 319 318)
4(360 364 365 361)
4(358 360 361 359)
4(360 366 367 361)
4(344 345 361 360)
4(344 350 351 345)
4(342 343 359 358)
4(342 344 345 343)
4(270 342 343 271)
4(270 271 315 314)
4(338 342 343 339)
4(266 338 339 267)
4(266 267 271 270)
4(340 344 345 341)
4(346 350 351 347)
4(348 352 353 349)
4(254 255 267 266)
4(264 265 267 266)
4(252 253 265 264)
4(268 269 271 270)
4(264 265 269 268)
4(312 313 315 314)
4(268 269 313 312)
4(316 317 319 318)
4(312 313 317 316)
4(316 317 329 328)
4(310 311 323 322)
4(310 316 317 311)
4(308 309 321 320)
4(308 310 311 309)
4(286 308 309 287)
4(286 287 299 298)
4(304 308 309 305)
4(282 304 305 283)
4(282 283 287 286)
4(306 310 311 307)
4(304 306 307 305)
4(306 312 313 307)
4(262 263 307 306)
4(262 268 269 263)
4(260 261 305 304)
4(260 262 263 261)
4(242 243 283 282)
4(242 260 261 243)
4(280 281 283 282)
4(240 241 281 280)
4(240 242 243 241)
4(284 285 287 286)
4(280 281 285 284)
4(296 297 299 298)
4(284 285 297 296)
4(296 297 301 300)
4(294 295 301 300)
4(290 291 295 294)
4(290 296 297 291)
4(294 295 453 452)
4(292 293 451 450)
4(292 294 295 293)
4(206 207 437 436)
4(206 292 293 207)
4(434 435 437 436)
4(204 205 435 434)
4(204 206 207 205)
4(438 439 441 440)
4(434 435 439 438)
4(438 439 447 446)
4(432 433 445 444)
4(432 438 439 433)
4(430 431 443 442)
4(430 432 433 431)
4(422 430 431 423)
4(426 430 431 427)
4(418 426 427 419)
4(418 419 423 422)
4(428 432 433 429)
4(426 428 429 427)
4(428 434 435 429)
4(198 199 429 428)
4(198 204 205 199)
4(196 197 427 426)
4(196 198 199 197)
4(174 175 419 418)
4(174 196 197 175)
4(416 417 419 418)
4(172 173 417 416)
4(172 174 175 173)
4(416 417 421 420)
4(408 412 413 409)
4(402 408 409 403)
4(402 403 407 406)
4(410 414 415 411)
4(408 410 411 409)
4(410 416 417 411)
4(166 167 411 410)
4(166 172 173 167)
4(164 165 409 408)
4(164 166 167 165)
4(78 79 403 402)
4(78 164 165 79)
4(400 401 403 402)
4(76 78 79 77)
4(74 78 79 75)
4(72 74 75 73)
4(160 164 165 161)
4(74 160 161 75)
4(162 166 167 163)
4(160 162 163 161)
4(168 172 173 169)
4(162 168 169 163)
4(170 174 175 171)
4(168 170 171 169)
4(192 196 197 193)
4(170 192 193 171)
4(194 198 199 195)
4(192 194 195 193)
4(200 204 205 201)
4(194 200 201 195)
4(202 206 207 203)
4(200 202 203 201)
4(288 292 293 289)
4(202 288 289 203)
4(288 290 291 289)
4(278 290 291 279)
4(276 278 279 277)
4(276 277 289 288)
4(278 284 285 279)
4(274 280 281 275)
4(274 275 279 278)
4(234 235 275 274)
4(234 240 241 235)
4(272 273 275 274)
4(232 233 273 272)
4(232 234 235 233)
4(272 273 277 276)
4(190 191 277 276)
4(186 187 191 190)
4(186 272 273 187)
4(190 191 203 202)
4(188 189 201 200)
4(188 190 191 189)
4(182 183 195 194)
4(182 188 189 183)
4(180 181 193 192)
4(180 182 183 181)
4(158 180 181 159)
4(158 159 171 170)
4(176 180 181 177)
4(154 176 177 155)
4(154 155 159 158)
4(178 182 183 179)
4(176 178 179 177)
4(184 188 189 185)
4(178 184 185 179)
4(184 186 187 185)
4(142 186 187 143)
4(140 142 143 141)
4(140 141 185 184)
4(142 232 233 143)
4(228 232 233 229)
4(138 228 229 139)
4(138 139 143 142)
4(230 234 235 231)
4(228 230 231 229)
4(236 240 241 237)
4(230 236 237 231)
4(238 242 243 239)
4(236 238 239 237)
4(256 260 261 257)
4(238 256 257 239)
4(258 262 263 259)
4(256 258 259 257)
4(258 264 265 259)
4(250 251 259 258)
4(248 249 257 256)
4(248 250 251 249)
4(226 248 249 227)
4(226 227 239 238)
4(244 248 249 245)
4(222 223 227 226)
4(224 225 227 226)
4(220 221 225 224)
4(224 225 237 236)
4(218 219 231 230)
4(218 224 225 219)
4(216 217 229 228)
4(216 218 219 217)
4(126 216 217 127)
4(126 127 139 138)
4(212 216 217 213)
4(122 212 213 123)
4(122 123 127 126)
4(214 218 219 215)
4(212 214 215 213)
4(208 209 213 212)
4(48 49 123 122)
4(120 121 123 122)
4(46 47 121 120)
4(124 125 127 126)
4(120 121 125 124)
4(136 137 139 138)
4(124 125 137 136)
4(136 137 141 140)
4(134 135 141 140)
4(130 131 135 134)
4(130 136 137 131)
4(134 135 179 178)
4(132 133 177 176)
4(132 134 135 133)
4(110 111 155 154)
4(110 132 133 111)
4(152 153 155 154)
4(108 109 153 152)
4(108 110 111 109)
4(156 157 159 158)
4(152 153 157 156)
4(156 157 169 168)
4(150 151 163 162)
4(150 156 157 151)
4(148 149 161 160)
4(148 150 151 149)
4(70 148 149 71)
4(70 71 75 74)
4(144 148 149 145)
4(66 144 145 67)
4(146 150 151 147)
4(144 146 147 145)
4(146 152 153 147)
4(102 103 147 146)
4(102 108 109 103)
4(100 101 145 144)
4(100 102 103 101)
4(64 100 101 65)
4(96 100 101 97)
4(60 96 97 61)
4(60 61 65 64)
4(98 102 103 99)
4(96 98 99 97)
4(104 108 109 105)
4(98 104 105 99)
4(106 110 111 107)
4(104 106 107 105)
4(128 132 133 129)
4(106 128 129 107)
4(128 130 131 129)
4(118 130 131 119)
4(116 118 119 117)
4(116 117 129 128)
4(118 124 125 119)
4(114 120 121 115)
4(114 115 119 118)
4(42 43 115 114)
4(42 46 47 43)
4(112 113 115 114)
4(40 41 113 112)
4(40 42 43 41)
4(112 113 117 116)
4(94 95 117 116)
4(90 91 95 94)
4(90 112 113 91)
4(94 95 107 106)
4(92 93 105 104)
4(92 94 95 93)
4(86 87 99 98)
4(86 92 93 87)
4(84 85 97 96)
4(84 86 87 85)
4(56 84 85 57)
4(56 57 61 60)
4(80 84 85 81)
4(52 80 81 53)
4(52 53 57 56)
4(82 86 87 83)
4(80 82 83 81)
4(88 92 93 89)
4(82 88 89 83)
4(88 90 91 89)
4(34 90 91 35)
4(32 34 35 33)
4(32 33 89 88)
4(34 40 41 35)
4(36 40 41 37)
4(30 31 35 34)
4(38 42 43 39)
4(28 29 33 32)
4(26 27 33 32)
4(22 23 27 26)
4(22 28 29 23)
4(26 27 83 82)
4(24 25 81 80)
4(24 26 27 25)
4(12 13 53 52)
4(12 24 25 13)
4(50 51 53 52)
4(10 12 13 11)
4(54 55 57 56)
4(58 59 61 60)
4(8 12 13 9)
4(6 8 9 7)
4(20 24 25 21)
4(8 20 21 9)
4(20 22 23 21)
4(16 22 23 17)
4(14 15 21 20)
4(4 5 9 8)
4(520 522 523 521)
4(522 524 525 523)
4(524 526 527 525)
4(528 530 531 529)
4(526 528 529 527)
4(530 532 533 531)
4(532 534 535 533)
4(534 536 537 535)
4(538 540 541 539)
4(536 538 539 537)
4(540 542 543 541)
4(542 544 545 543)
4(546 548 549 547)
4(544 546 547 545)
4(548 550 551 549)
4(550 552 553 551)
4(552 554 555 553)
4(556 558 559 557)
4(554 556 557 555)
4(558 560 561 559)
4(560 562 563 561)
4(564 566 567 565)
4(562 564 565 563)
4(566 568 569 567)
4(568 570 571 569)
4(570 572 573 571)
4(574 576 577 575)
4(572 574 575 573)
4(0 4 522 520)
4(4 14 524 522)
4(14 16 526 524)
4(18 28 530 528)
4(16 18 528 526)
4(28 30 532 530)
4(30 36 534 532)
4(36 38 536 534)
4(44 46 540 538)
4(38 44 538 536)
4(46 48 542 540)
4(48 208 544 542)
4(210 214 548 546)
4(208 210 546 544)
4(214 220 550 548)
4(220 222 552 550)
4(222 244 554 552)
4(246 250 558 556)
4(244 246 556 554)
4(250 252 560 558)
4(252 254 562 560)
4(336 338 566 564)
4(254 336 564 562)
4(338 340 568 566)
4(340 346 570 568)
4(346 348 572 570)
4(354 356 576 574)
4(348 354 574 572)
4(76 400 402 78)
4(400 404 406 402)
4(78 402 408 164)
4(164 408 410 166)
4(402 406 412 408)
4(408 412 414 410)
4(166 410 416 172)
4(172 416 418 174)
4(410 414 420 416)
4(416 420 422 418)
4(174 418 426 196)
4(196 426 428 198)
4(418 422 430 426)
4(426 430 432 428)
4(198 428 434 204)
4(204 434 436 206)
4(428 432 438 434)
4(434 438 440 436)
4(422 424 442 430)
4(430 442 444 432)
4(432 444 446 438)
4(438 446 448 440)
4(2 6 8 4)
4(6 10 12 8)
4(4 8 20 14)
4(14 20 22 16)
4(8 12 24 20)
4(20 24 26 22)
4(16 22 28 18)
4(22 26 32 28)
4(28 32 34 30)
4(30 34 40 36)
4(36 40 42 38)
4(38 42 46 44)
4(10 50 52 12)
4(50 54 56 52)
4(54 58 60 56)
4(58 62 64 60)
4(206 436 450 292)
4(292 450 452 294)
4(436 440 454 450)
4(450 454 456 452)
4(294 452 458 300)
4(300 458 460 302)
4(452 456 462 458)
4(458 462 464 460)
4(440 448 466 454)
4(454 466 468 456)
4(302 460 470 324)
4(324 470 472 326)
4(460 464 474 470)
4(470 474 476 472)
4(326 472 478 332)
4(332 478 480 334)
4(472 476 482 478)
4(478 482 484 480)
4(482 486 488 484)
4(68 72 74 70)
4(72 76 78 74)
4(12 52 80 24)
4(24 80 82 26)
4(52 56 84 80)
4(80 84 86 82)
4(26 82 88 32)
4(32 88 90 34)
4(82 86 92 88)
4(88 92 94 90)
4(56 60 96 84)
4(84 96 98 86)
4(60 64 100 96)
4(96 100 102 98)
4(86 98 104 92)
4(92 104 106 94)
4(98 102 108 104)
4(104 108 110 106)
4(34 90 112 40)
4(40 112 114 42)
4(90 94 116 112)
4(112 116 118 114)
4(42 114 120 46)
4(46 120 122 48)
4(114 118 124 120)
4(120 124 126 122)
4(94 106 128 116)
4(116 128 130 118)
4(106 110 132 128)
4(334 480 490 378)
4(128 132 134 130)
4(378 490 492 380)
4(118 130 136 124)
4(480 484 494 490)
4(124 136 138 126)
4(490 494 496 492)
4(130 134 140 136)
4(380 492 498 386)
4(136 140 142 138)
4(386 498 500 388)
4(64 66 144 100)
4(492 496 502 498)
4(100 144 146 102)
4(498 502 504 500)
4(66 70 148 144)
4(484 488 506 494)
4(144 148 150 146)
4(102 146 152 108)
4(108 152 154 110)
4(388 500 510 396)
4(146 150 156 152)
4(396 510 512 398)
4(152 156 158 154)
4(500 504 514 510)
4(70 74 160 148)
4(510 514 516 512)
4(148 160 162 150)
4(74 78 164 160)
4(160 164 166 162)
4(150 162 168 156)
4(156 168 170 158)
4(504 508 518 514)
4(162 166 172 168)
4(168 172 174 170)
4(110 154 176 132)
4(132 176 178 134)
4(154 158 180 176)
4(176 180 182 178)
4(134 178 184 140)
4(140 184 186 142)
4(178 182 188 184)
4(184 188 190 186)
4(158 170 192 180)
4(180 192 194 182)
4(170 174 196 192)
4(192 196 198 194)
4(182 194 200 188)
4(188 200 202 190)
4(194 198 204 200)
4(200 204 206 202)
4(48 122 212 208)
4(208 212 214 210)
4(122 126 216 212)
4(212 216 218 214)
4(214 218 224 220)
4(220 224 226 222)
4(126 138 228 216)
4(216 228 230 218)
4(138 142 232 228)
4(228 232 234 230)
4(218 230 236 224)
4(224 236 238 226)
4(230 234 240 236)
4(236 240 242 238)
4(222 226 248 244)
4(244 248 250 246)
4(226 238 256 248)
4(248 256 258 250)
4(238 242 260 256)
4(256 260 262 258)
4(250 258 264 252)
4(252 264 266 254)
4(258 262 268 264)
4(264 268 270 266)
4(142 186 272 232)
4(232 272 274 234)
4(186 190 276 272)
4(272 276 278 274)
4(234 274 280 240)
4(240 280 282 242)
4(274 278 284 280)
4(280 284 286 282)
4(190 202 288 276)
4(276 288 290 278)
4(202 206 292 288)
4(288 292 294 290)
4(278 290 296 284)
4(284 296 298 286)
4(290 294 300 296)
4(296 300 302 298)
4(242 282 304 260)
4(260 304 306 262)
4(282 286 308 304)
4(304 308 310 306)
4(262 306 312 268)
4(268 312 314 270)
4(306 310 316 312)
4(312 316 318 314)
4(286 298 320 308)
4(308 320 322 310)
4(298 302 324 320)
4(320 324 326 322)
4(310 322 328 316)
4(316 328 330 318)
4(322 326 332 328)
4(328 332 334 330)
4(254 266 338 336)
4(266 270 342 338)
4(338 342 344 340)
4(340 344 350 346)
4(346 350 352 348)
4(348 352 356 354)
4(270 314 358 342)
4(342 358 360 344)
4(314 318 362 358)
4(358 362 364 360)
4(344 360 366 350)
4(350 366 368 352)
4(360 364 370 366)
4(366 370 372 368)
4(318 330 374 362)
4(362 374 376 364)
4(330 334 378 374)
4(374 378 380 376)
4(364 376 382 370)
4(370 382 384 372)
4(376 380 386 382)
4(382 386 388 384)
4(352 368 390 356)
4(368 372 392 390)
4(372 384 394 392)
4(384 388 396 394)
4(5 1 521 523)
4(15 5 523 525)
4(17 15 525 527)
4(29 19 529 531)
4(19 17 527 529)
4(31 29 531 533)
4(37 31 533 535)
4(39 37 535 537)
4(47 45 539 541)
4(45 39 537 539)
4(49 47 541 543)
4(209 49 543 545)
4(215 211 547 549)
4(211 209 545 547)
4(221 215 549 551)
4(223 221 551 553)
4(245 223 553 555)
4(251 247 557 559)
4(247 245 555 557)
4(253 251 559 561)
4(255 253 561 563)
4(339 337 565 567)
4(337 255 563 565)
4(341 339 567 569)
4(347 341 569 571)
4(349 347 571 573)
4(357 355 575 577)
4(355 349 573 575)
4(77 79 403 401)
4(401 403 407 405)
4(79 165 409 403)
4(165 167 411 409)
4(403 409 413 407)
4(409 411 415 413)
4(167 173 417 411)
4(173 175 419 417)
4(411 417 421 415)
4(417 419 423 421)
4(175 197 427 419)
4(197 199 429 427)
4(419 427 431 423)
4(427 429 433 431)
4(199 205 435 429)
4(205 207 437 435)
4(429 435 439 433)
4(435 437 441 439)
4(423 431 443 425)
4(431 433 445 443)
4(433 439 447 445)
4(439 441 449 447)
4(3 5 9 7)
4(7 9 13 11)
4(5 15 21 9)
4(15 17 23 21)
4(9 21 25 13)
4(21 23 27 25)
4(17 19 29 23)
4(23 29 33 27)
4(29 31 35 33)
4(31 37 41 35)
4(37 39 43 41)
4(39 45 47 43)
4(11 13 53 51)
4(51 53 57 55)
4(55 57 61 59)
4(207 293 451 437)
4(59 61 65 63)
4(293 295 453 451)
4(437 451 455 441)
4(451 453 457 455)
4(295 301 459 453)
4(301 303 461 459)
4(453 459 463 457)
4(459 461 465 463)
4(441 455 467 449)
4(455 457 469 467)
4(303 325 471 461)
4(325 327 473 471)
4(461 471 475 465)
4(471 473 477 475)
4(327 333 479 473)
4(333 335 481 479)
4(473 479 483 477)
4(479 481 485 483)
4(483 485 489 487)
4(69 71 75 73)
4(73 75 79 77)
4(13 25 81 53)
4(25 27 83 81)
4(53 81 85 57)
4(81 83 87 85)
4(27 33 89 83)
4(33 35 91 89)
4(83 89 93 87)
4(89 91 95 93)
4(57 85 97 61)
4(85 87 99 97)
4(61 97 101 65)
4(97 99 103 101)
4(87 93 105 99)
4(93 95 107 105)
4(99 105 109 103)
4(105 107 111 109)
4(35 41 113 91)
4(41 43 115 113)
4(91 113 117 95)
4(113 115 119 117)
4(43 47 121 115)
4(47 49 123 121)
4(115 121 125 119)
4(121 123 127 125)
4(95 117 129 107)
4(117 119 131 129)
4(107 129 133 111)
4(335 379 491 481)
4(129 131 135 133)
4(379 381 493 491)
4(119 125 137 131)
4(481 491 495 485)
4(125 127 139 137)
4(491 493 497 495)
4(131 137 141 135)
4(381 387 499 493)
4(137 139 143 141)
4(387 389 501 499)
4(65 101 145 67)
4(493 499 503 497)
4(101 103 147 145)
4(499 501 505 503)
4(485 495 507 489)
4(67 145 149 71)
4(145 147 151 149)
4(103 109 153 147)
4(109 111 155 153)
4(389 397 511 501)
4(147 153 157 151)
4(397 399 513 511)
4(153 155 159 157)
4(501 511 515 505)
4(71 149 161 75)
4(511 513 517 515)
4(149 151 163 161)
4(75 161 165 79)
4(161 163 167 165)
4(151 157 169 163)
4(157 159 171 169)
4(505 515 519 509)
4(163 169 173 167)
4(169 171 175 173)
4(111 133 177 155)
4(133 135 179 177)
4(155 177 181 159)
4(177 179 183 181)
4(135 141 185 179)
4(141 143 187 185)
4(179 185 189 183)
4(185 187 191 189)
4(159 181 193 171)
4(181 183 195 193)
4(171 193 197 175)
4(193 195 199 197)
4(183 189 201 195)
4(189 191 203 201)
4(195 201 205 199)
4(201 203 207 205)
4(49 209 213 123)
4(209 211 215 213)
4(123 213 217 127)
4(213 215 219 217)
4(215 221 225 219)
4(221 223 227 225)
4(127 217 229 139)
4(217 219 231 229)
4(139 229 233 143)
4(229 231 235 233)
4(219 225 237 231)
4(225 227 239 237)
4(231 237 241 235)
4(237 239 243 241)
4(223 245 249 227)
4(245 247 251 249)
4(227 249 257 239)
4(249 251 259 257)
4(239 257 261 243)
4(257 259 263 261)
4(251 253 265 259)
4(253 255 267 265)
4(259 265 269 263)
4(265 267 271 269)
4(143 233 273 187)
4(233 235 275 273)
4(187 273 277 191)
4(273 275 279 277)
4(235 241 281 275)
4(241 243 283 281)
4(275 281 285 279)
4(281 283 287 285)
4(191 277 289 203)
4(277 279 291 289)
4(203 289 293 207)
4(289 291 295 293)
4(279 285 297 291)
4(285 287 299 297)
4(291 297 301 295)
4(297 299 303 301)
4(243 261 305 283)
4(261 263 307 305)
4(283 305 309 287)
4(305 307 311 309)
4(263 269 313 307)
4(269 271 315 313)
4(307 313 317 311)
4(313 315 319 317)
4(287 309 321 299)
4(309 311 323 321)
4(299 321 325 303)
4(321 323 327 325)
4(311 317 329 323)
4(317 319 331 329)
4(323 329 333 327)
4(329 331 335 333)
4(255 337 339 267)
4(267 339 343 271)
4(339 341 345 343)
4(341 347 351 345)
4(347 349 353 351)
4(349 355 357 353)
4(271 343 359 315)
4(343 345 361 359)
4(315 359 363 319)
4(359 361 365 363)
4(345 351 367 361)
4(351 353 369 367)
4(361 367 371 365)
4(367 369 373 371)
4(319 363 375 331)
4(363 365 377 375)
4(331 375 379 335)
4(375 377 381 379)
4(365 371 383 377)
4(371 373 385 383)
4(377 383 387 381)
4(383 385 389 387)
4(353 357 391 369)
4(369 391 393 373)
4(373 393 395 385)
4(385 395 397 389)
4(1 0 520 521)
4(0 1 5 4)
4(76 77 401 400)
4(400 401 405 404)
4(72 73 77 76)
4(66 67 71 70)
4(64 65 67 66)
4(10 11 51 50)
4(50 51 55 54)
4(54 55 59 58)
4(62 63 65 64)
4(58 59 63 62)
4(68 70 71 69)
4(68 69 73 72)
4(6 7 11 10)
4(2 3 7 6)
4(2 4 5 3)
4(356 357 577 576)
4(514 518 519 515)
4(514 515 517 516)
4(512 516 517 513)
4(398 512 513 399)
4(396 398 399 397)
4(394 396 397 395)
4(392 394 395 393)
4(390 392 393 391)
4(356 390 391 357)
4(486 487 489 488)
4(488 489 507 506)
4(448 449 467 466)
4(466 467 469 468)
4(474 475 477 476)
4(482 483 487 486)
4(476 477 483 482)
4(494 506 507 495)
4(494 495 497 496)
4(496 497 503 502)
4(504 505 509 508)
4(502 503 505 504)
4(508 509 519 518)
4(464 465 475 474)
4(462 463 465 464)
4(456 468 469 457)
4(456 457 463 462)
4(446 447 449 448)
4(424 425 443 442)
4(442 443 445 444)
4(444 445 447 446)
4(422 423 425 424)
4(420 421 423 422)
4(414 415 421 420)
4(412 413 415 414)
4(406 407 413 412)
4(404 405 407 406)
)


// ************************************************************************* //
