/*--------------------------------*- C++ -*----------------------------------*\
| =========                 |                                                 |
| \\      /  F ield         | OpenFOAM: The Open Source CFD Toolbox           |
|  \\    /   O peration     | Version:  2306                                  |
|   \\  /    A nd           | Website:  www.openfoam.com                      |
|    \\/     M anipulation  |                                                 |
\*---------------------------------------------------------------------------*/
FoamFile
{
    version     2.0;
    format      ascii;
    arch        "LSB;label=32;scalar=64";
    class       labelList;
    location    "constant/polyMesh";
    object      faceProcAddressing;
}
// * * * * * * * * * * * * * * * * * * * * * * * * * * * * * * * * * * * * * //


1029
(
502
503
504
505
506
507
508
509
510
511
512
513
514
515
516
517
518
519
520
521
522
523
524
525
526
527
528
529
530
531
532
533
534
535
536
537
538
539
540
541
542
543
544
545
546
547
548
549
550
551
552
553
554
555
1311
1312
1314
1630
1631
1632
1633
1635
1639
1641
1642
1643
1644
1645
1646
1647
1648
1649
1650
1651
1652
1653
1654
1655
1656
1657
1658
1659
1660
1661
1662
1663
1664
1665
1666
1667
1668
1669
1670
1672
1673
1679
1680
1681
1682
1683
1684
1685
1686
1687
1688
1689
1690
1691
1692
1693
1694
1695
1696
1697
1698
1699
1700
1701
1702
1703
1704
1705
1706
1707
1708
1709
1710
1711
1713
1852
1853
1855
1856
1863
1864
1865
1866
1867
1868
1869
1870
1871
1872
1873
1874
1875
1876
1877
1878
1879
1880
1881
1882
1883
1884
1885
1886
1887
1888
1889
1890
1891
1892
1893
1894
1895
1896
1897
1898
1899
1900
1901
1902
1903
1904
1905
1906
1907
1908
1909
1910
1911
1912
1913
1914
1915
1916
1917
1918
1919
1920
1921
1922
1923
1924
1925
1926
1927
1928
1929
1930
1931
1932
1933
1934
1935
1936
1937
1938
1939
1940
1941
1942
1943
1945
2201
2202
2203
2204
2205
2207
2208
2209
2210
2211
2212
2213
2214
2215
2216
2217
2218
2219
2220
2221
2223
2231
2232
2233
2234
2235
2236
2237
2238
2239
2240
2241
2242
2243
2245
3084
3085
3086
3087
3088
3089
3090
3091
3092
3093
3094
3095
3096
3097
3098
3099
3100
3101
3102
3103
3104
3105
3106
3107
3108
3109
3110
3111
3112
3113
3114
3115
3116
3117
3118
3119
3120
3121
3122
3123
3124
3125
3126
3127
3128
3129
3130
3131
3132
3133
3134
3135
3136
3137
3138
3139
3140
3141
3142
3143
3144
3145
3146
3147
3148
3149
3150
3151
3152
3153
3154
3155
3156
3157
3158
3159
3160
3161
3162
3163
3164
3165
3166
3167
3168
3169
3170
3171
3172
3173
3174
3175
3176
3177
3178
3179
3180
3181
3182
3183
3184
3185
3186
3187
3188
3189
3190
3191
3192
3193
3194
3195
3196
3197
3198
3199
3200
3201
3202
3203
3204
3205
3206
3208
3209
3210
3211
3212
3213
3214
3215
3217
3218
3219
3220
3221
3222
3223
3224
3225
3226
3227
3228
3229
3230
3231
3232
3233
3234
3235
3236
3237
3238
3239
3240
3241
3242
3243
3244
3245
3246
3247
3248
3249
3250
3251
3252
3253
3254
3255
3256
3257
3258
3259
3260
3261
3262
3263
3264
3265
3266
3267
3268
3269
3270
3271
3272
3273
3274
3275
3276
3277
3279
3280
3282
3404
3405
3406
3407
3408
3409
3410
3411
4357
4359
4360
4361
4362
4363
4364
4365
4366
4367
4368
4369
4370
4371
4372
4373
4374
4375
4376
4377
4378
4379
4380
4381
4382
4383
4384
4385
4670
4672
4673
4674
4675
4676
4677
4678
4679
4680
4681
4682
4683
4684
4685
4686
4687
4688
4689
4690
4691
4692
4693
4694
4695
4696
4697
4698
5307
5311
5393
5395
5397
5399
5401
5403
5405
5407
5425
5427
5429
5431
5433
5435
5437
5439
5441
5443
5449
5451
5596
5601
5604
5607
5609
5611
5614
5616
5618
5621
5623
5626
5671
5675
5689
5694
5695
5697
5699
5701
5703
5705
5707
5709
5711
5713
5727
5729
5731
5733
5735
5737
5739
5741
5751
5756
5760
5762
5764
5766
5768
5770
5772
5774
5776
5778
5780
5782
5784
5786
5788
5790
5792
5794
5796
5798
5800
5802
5805
5807
5809
5811
5813
5815
5816
5817
5818
5819
5820
5821
5822
5823
5824
5825
5826
5827
5828
5829
5830
5831
5832
5834
5836
5839
5840
5841
5842
5843
5844
5845
5846
5847
5849
5851
5853
5855
5856
5857
5859
5862
5864
5866
5869
5871
5873
5875
5877
5879
5881
5883
5885
5887
5889
5891
5893
5896
5899
5901
5903
5905
5908
5910
5912
5914
5916
5918
5920
5922
5924
5926
5929
5931
5933
5935
5937
5940
5942
5944
5946
5948
5950
5952
5954
5956
5958
5960
5962
5964
5967
5969
5971
5974
5976
5978
5981
5983
5985
5988
5990
5992
5994
5996
5998
6000
6002
6004
6006
6008
6010
6012
6014
6017
6019
6022
6024
6027
6030
6032
6034
6036
6038
6040
6042
6044
6046
6048
6050
6052
6054
6057
6059
6061
6064
6066
6071
6086
6090
6798
6800
6801
6802
6803
6804
6805
6806
6807
6808
6809
6810
6811
6812
6813
6814
6815
6816
6817
6818
6819
6820
6821
6822
6823
6824
6825
6826
7435
7439
7521
7523
7525
7527
7529
7531
7533
7535
7553
7555
7557
7559
7561
7563
7565
7567
7569
7571
7577
7579
7726
7730
7734
7736
7738
7740
7743
7745
7748
7750
7753
7756
7801
7805
7819
7823
7824
7825
7827
7829
7831
7833
7835
7837
7839
7841
7855
7857
7859
7861
7863
7865
7867
7869
7880
7885
7889
7891
7893
7895
7897
7899
7901
7903
7905
7907
7909
7911
7913
7915
7917
7919
7921
7924
7926
7928
7930
7932
7934
7936
7938
7940
7942
7944
7945
7946
7947
7948
7949
7950
7951
7952
7953
7954
7955
7956
7957
7958
7959
7960
7961
7964
7966
7968
7969
7970
7971
7972
7973
7974
7975
7976
7978
7980
7982
7984
7985
7986
7989
7991
7993
7996
7998
8000
8003
8005
8007
8009
8011
8013
8015
8017
8019
8020
8023
8025
8028
8030
8032
8035
8037
8039
8041
8043
8045
8047
8049
8051
8053
8056
8059
8061
8063
8065
8067
8069
8072
8074
8076
8078
8080
8082
8084
8086
8088
8090
8092
8094
8097
8099
8101
8104
8106
8108
8111
8113
8115
8118
8120
8122
8124
8126
8128
8130
8132
8134
8136
8138
8140
8142
8144
8147
8149
8151
8154
8156
8159
8161
8163
8165
8167
8169
8171
8173
8175
8177
8179
8181
8184
8186
8188
8191
8193
8195
8201
8215
8219
556
557
2244
2247
-3082
3207
3216
3278
3281
3283
3284
3285
-3288
3290
-3402
3412
3413
-500
-1628
-1629
1634
-1637
1640
1712
-1850
1854
-1862
-343
-345
-1295
-1298
-1307
-1309
-1310
1313
-1316
-1318
-1320
-1321
-1324
1671
-1676
-1677
-1678
1944
-2197
-2199
-2200
2206
2222
-2226
-2228
-2229
2246
)


// ************************************************************************* //
