/*--------------------------------*- C++ -*----------------------------------*\
| =========                 |                                                 |
| \\      /  F ield         | OpenFOAM: The Open Source CFD Toolbox           |
|  \\    /   O peration     | Version:  2306                                  |
|   \\  /    A nd           | Website:  www.openfoam.com                      |
|    \\/     M anipulation  |                                                 |
\*---------------------------------------------------------------------------*/
FoamFile
{
    version     2.0;
    format      ascii;
    arch        "LSB;label=32;scalar=64";
    note        "nPoints:578  nCells:247  nFaces:1029  nInternalFaces:453";
    class       labelList;
    location    "constant/polyMesh";
    object      neighbour;
}
// * * * * * * * * * * * * * * * * * * * * * * * * * * * * * * * * * * * * * //


453
(
1
86
2
86
3
85
4
84
5
83
6
87
7
87
8
88
9
168
10
172
11
172
12
171
13
173
14
180
15
181
16
181
17
182
18
183
19
229
20
229
21
228
22
227
23
230
24
244
25
244
26
243
27
245
29
44
41
31
32
34
36
33
34
35
66
36
38
65
37
38
40
39
64
40
42
63
41
42
44
43
62
44
46
61
45
46
48
47
60
48
57
59
49
55
57
51
53
52
112
53
109
111
54
108
55
107
56
57
105
107
58
59
95
105
60
94
61
93
62
92
63
75
64
74
65
73
66
72
67
68
72
69
71
70
86
71
79
85
72
78
73
74
78
75
77
76
92
77
81
91
78
80
79
80
84
81
83
82
90
83
87
89
84
85
86
88
89
168
90
167
91
99
92
98
93
94
98
95
97
96
104
97
101
103
98
100
99
100
167
101
166
102
165
103
146
164
104
145
105
144
106
107
142
144
108
109
142
110
141
111
119
140
112
118
113
114
118
115
117
116
117
121
123
118
120
119
120
139
121
138
122
137
123
127
136
126
125
129
131
126
128
127
128
135
129
134
130
133
131
132
133
239
134
196
135
195
136
194
137
193
138
154
139
153
140
152
141
151
142
150
143
144
148
150
145
146
148
147
163
148
160
162
149
150
158
160
151
152
158
153
157
154
156
155
193
156
190
192
157
189
158
188
159
160
186
188
161
162
177
186
163
176
164
175
165
174
166
170
167
169
168
169
170
172
171
174
172
173
174
180
175
176
180
177
179
178
185
179
182
184
180
181
182
183
184
212
185
211
186
210
187
188
208
210
189
190
208
191
207
192
200
206
193
199
194
195
199
196
198
197
239
198
202
199
201
200
201
205
202
204
203
204
220
238
205
219
206
218
207
217
208
216
209
210
214
216
211
212
214
213
229
214
226
228
215
216
224
226
217
218
224
219
223
220
222
221
237
222
234
236
223
233
224
232
225
226
230
232
227
228
230
229
231
232
242
244
233
234
242
235
241
236
240
237
238
241
246
242
245
243
244
245
246
)


// ************************************************************************* //
