/*--------------------------------*- C++ -*----------------------------------*\
| =========                 |                                                 |
| \\      /  F ield         | OpenFOAM: The Open Source CFD Toolbox           |
|  \\    /   O peration     | Version:  2306                                  |
|   \\  /    A nd           | Website:  www.openfoam.com                      |
|    \\/     M anipulation  |                                                 |
\*---------------------------------------------------------------------------*/
FoamFile
{
    version     2.0;
    format      ascii;
    arch        "LSB;label=32;scalar=64";
    note        "nPoints:578  nCells:247  nFaces:1029  nInternalFaces:453";
    class       labelList;
    location    "constant/polyMesh";
    object      owner;
}
// * * * * * * * * * * * * * * * * * * * * * * * * * * * * * * * * * * * * * //


1029
(
0
0
1
1
2
2
3
3
4
4
5
5
6
6
7
7
8
8
9
9
10
10
11
11
12
12
13
13
14
14
15
15
16
16
17
17
18
18
19
19
20
20
21
21
22
22
23
23
24
24
25
25
26
26
28
28
29
30
31
31
31
32
33
34
34
35
35
35
36
37
37
38
38
39
39
39
40
41
41
42
42
43
43
43
44
45
45
46
46
47
47
47
48
49
49
50
50
51
51
52
52
52
53
53
54
54
55
56
56
56
57
58
58
58
59
59
60
60
61
61
62
62
63
63
64
64
65
65
66
67
67
68
68
69
69
70
70
70
71
71
72
73
73
74
74
75
75
76
76
76
77
77
78
79
79
80
80
81
81
82
82
82
83
84
85
87
88
88
89
89
90
90
91
91
92
93
93
94
94
95
95
96
96
96
97
97
98
99
99
100
100
101
101
102
102
102
103
103
104
104
105
106
106
106
107
108
108
109
109
110
110
110
111
111
112
113
113
114
114
115
116
116
116
117
117
118
119
119
120
120
121
121
122
122
122
123
124
124
124
125
125
126
127
127
128
128
129
129
130
130
132
132
133
133
134
134
135
135
136
136
137
137
138
138
139
139
140
140
141
141
142
143
143
143
144
145
145
146
146
147
147
147
148
149
149
149
150
151
151
152
152
153
153
154
154
155
155
155
156
156
157
157
158
159
159
159
160
161
161
161
162
162
163
163
164
164
165
165
166
166
167
168
169
169
170
170
171
171
173
173
174
175
175
176
176
177
177
178
178
178
179
179
181
182
183
183
184
184
185
185
186
187
187
187
188
189
189
190
190
191
191
191
192
192
193
194
194
195
195
196
196
197
197
198
198
199
200
200
201
201
202
203
203
203
204
204
205
205
206
206
207
207
208
209
209
209
210
211
211
212
212
213
213
213
214
215
215
215
216
217
217
218
218
219
219
220
220
221
221
221
222
222
223
223
224
225
225
225
226
227
227
228
230
231
231
231
232
233
233
234
234
235
235
236
237
240
240
241
241
242
243
243
245
27
26
25
23
24
22
21
20
18
19
17
16
14
15
13
12
11
9
10
8
7
5
6
4
3
2
0
1
27
26
25
23
24
22
21
20
18
19
17
16
14
15
13
12
11
9
10
8
7
5
6
4
3
2
0
1
130
131
129
128
124
125
127
122
126
123
121
120
116
117
119
110
118
111
115
114
113
112
246
240
245
243
241
242
244
231
230
227
228
229
235
236
237
238
109
108
52
53
107
56
54
55
51
50
57
47
49
48
46
43
45
44
28
239
132
234
233
221
222
232
225
223
224
220
219
203
204
218
217
205
206
226
213
215
214
212
183
211
184
216
209
207
42
208
39
210
41
185
40
187
38
186
35
202
37
201
36
197
29
198
200
191
34
199
33
192
31
196
32
195
133
134
194
193
30
135
136
190
189
155
156
188
159
157
158
154
153
137
138
152
151
139
140
182
181
178
179
180
173
177
176
161
162
175
174
163
164
171
172
170
169
165
166
168
88
167
89
160
147
149
148
146
102
145
103
150
143
141
142
144
104
106
105
101
100
96
97
99
90
98
91
95
94
58
59
93
92
60
61
87
82
83
84
85
86
81
80
76
77
79
70
78
71
75
74
62
63
73
72
64
65
69
68
67
66
27
26
25
23
24
22
21
20
18
19
17
16
14
15
13
12
11
9
10
8
7
5
6
4
3
2
0
1
130
131
129
128
124
125
127
122
126
123
121
120
116
117
119
110
118
111
115
114
113
112
246
240
245
243
241
242
244
231
230
227
228
229
235
236
237
109
238
108
52
53
107
56
54
55
51
50
57
47
49
48
46
43
45
44
28
239
132
234
233
221
222
232
225
223
224
220
219
203
204
218
217
205
206
226
213
215
214
212
183
211
184
216
209
207
42
208
39
210
41
185
40
187
38
186
35
202
37
201
36
29
197
198
200
191
34
199
33
192
31
196
32
195
133
134
194
193
30
135
136
190
189
155
156
188
159
157
158
154
153
137
138
152
151
139
140
182
181
178
179
180
173
177
176
161
162
175
174
163
164
171
172
170
169
165
166
168
88
167
89
160
147
149
148
146
102
145
103
150
143
141
142
144
104
106
105
101
100
96
97
99
90
98
91
95
94
58
59
93
92
60
61
87
82
83
84
85
86
81
80
76
77
79
70
78
71
75
74
62
63
73
72
64
65
69
68
67
66
27
27
130
131
132
197
202
235
236
237
238
238
239
239
240
246
246
0
30
32
32
33
33
66
67
68
69
28
29
51
50
48
28
45
29
40
37
30
36
30
49
55
50
54
112
115
114
113
115
123
126
125
124
131
)


// ************************************************************************* //
