/*--------------------------------*- C++ -*----------------------------------*\
| =========                 |                                                 |
| \\      /  F ield         | OpenFOAM: The Open Source CFD Toolbox           |
|  \\    /   O peration     | Version:  2306                                  |
|   \\  /    A nd           | Website:  www.openfoam.com                      |
|    \\/     M anipulation  |                                                 |
\*---------------------------------------------------------------------------*/
FoamFile
{
    version     2.0;
    format      ascii;
    arch        "LSB;label=32;scalar=64";
    class       vectorField;
    location    "constant/polyMesh";
    object      points;
}
// * * * * * * * * * * * * * * * * * * * * * * * * * * * * * * * * * * * * * //


578
(
(0.0365578 0.00430288 -0.01)
(0.0365578 0.00430288 0)
(0.0360265 0.00501849 -0.01)
(0.0360265 0.00501849 0)
(0.0370331 0.0048573 -0.01)
(0.0370331 0.0048573 0)
(0.036061 0.00589639 -0.01)
(0.036061 0.00589639 0)
(0.0370783 0.00587512 -0.01)
(0.0370783 0.00587512 0)
(0.0360528 0.00689682 -0.01)
(0.0360528 0.00689682 0)
(0.0370673 0.0068806 -0.01)
(0.0370673 0.0068806 0)
(0.0381509 0.00508045 -0.01)
(0.0381509 0.00508045 0)
(0.0390212 0.00518278 -0.01)
(0.0390212 0.00518278 0)
(0.0396502 0.00519651 -0.01)
(0.0396502 0.00519651 0)
(0.0381081 0.00591935 -0.01)
(0.0381081 0.00591935 0)
(0.0390843 0.00594309 -0.01)
(0.0390843 0.00594309 0)
(0.0380833 0.00687279 -0.01)
(0.0380833 0.00687279 0)
(0.0390913 0.00685618 -0.01)
(0.0390913 0.00685618 0)
(0.0401142 0.00576823 -0.01)
(0.0401142 0.00576823 0)
(0.04121 0.00600568 -0.01)
(0.04121 0.00600568 0)
(0.0401084 0.00683571 -0.01)
(0.0401084 0.00683571 0)
(0.0411239 0.00689483 -0.01)
(0.0411239 0.00689483 0)
(0.0421147 0.00615674 -0.01)
(0.0421147 0.00615674 0)
(0.042949 0.0062625 -0.01)
(0.042949 0.0062625 0)
(0.0420907 0.00696671 -0.01)
(0.0420907 0.00696671 0)
(0.0430326 0.00699869 -0.01)
(0.0430326 0.00699869 0)
(0.0435653 0.00627719 -0.01)
(0.0435653 0.00627719 0)
(0.0440407 0.00683397 -0.01)
(0.0440407 0.00683397 0)
(0.0451568 0.00705654 -0.01)
(0.0451568 0.00705654 0)
(0.0360308 0.00793648 -0.01)
(0.0360308 0.00793648 0)
(0.037041 0.00792009 -0.01)
(0.037041 0.00792009 0)
(0.0360135 0.00897156 -0.01)
(0.0360135 0.00897156 0)
(0.037019 0.00896118 -0.01)
(0.037019 0.00896118 0)
(0.0360046 0.00999025 -0.01)
(0.0360046 0.00999025 0)
(0.0370069 0.00998563 -0.01)
(0.0370069 0.00998563 0)
(0.0360012 0.0109974 -0.01)
(0.0360012 0.0109974 0)
(0.037002 0.0109959 -0.01)
(0.037002 0.0109959 0)
(0.0370004 0.0119991 -0.01)
(0.0370004 0.0119991 0)
(0.036 0.0129999 -0.01)
(0.036 0.0129999 0)
(0.0370001 0.0129998 -0.01)
(0.0370001 0.0129998 0)
(0.036 0.014 -0.01)
(0.036 0.014 0)
(0.037 0.014 -0.01)
(0.037 0.014 0)
(0.036 0.015 -0.01)
(0.036 0.015 0)
(0.037 0.015 -0.01)
(0.037 0.015 0)
(0.0380524 0.00790209 -0.01)
(0.0380524 0.00790209 0)
(0.0390628 0.00788285 -0.01)
(0.0390628 0.00788285 0)
(0.0380255 0.00894834 -0.01)
(0.0380255 0.00894834 0)
(0.0390321 0.00893428 -0.01)
(0.0390321 0.00893428 0)
(0.0400718 0.00787037 -0.01)
(0.0400718 0.00787037 0)
(0.0410763 0.00787766 -0.01)
(0.0410763 0.00787766 0)
(0.0400377 0.00892212 -0.01)
(0.0400377 0.00892212 0)
(0.0410421 0.0089139 -0.01)
(0.0410421 0.0089139 0)
(0.0380098 0.00997951 -0.01)
(0.0380098 0.00997951 0)
(0.0390129 0.00997229 -0.01)
(0.0390129 0.00997229 0)
(0.0380029 0.0109937 -0.01)
(0.0380029 0.0109937 0)
(0.0390041 0.0109909 -0.01)
(0.0390041 0.0109909 0)
(0.0400159 0.00996479 -0.01)
(0.0400159 0.00996479 0)
(0.0410192 0.00995707 -0.01)
(0.0410192 0.00995707 0)
(0.0400054 0.0109877 -0.01)
(0.0400054 0.0109877 0)
(0.041007 0.0109839 -0.01)
(0.041007 0.0109839 0)
(0.0420713 0.00789077 -0.01)
(0.0420713 0.00789077 0)
(0.0430651 0.00788346 -0.01)
(0.0430651 0.00788346 0)
(0.0420468 0.00890529 -0.01)
(0.0420468 0.00890529 0)
(0.0430549 0.00888995 -0.01)
(0.0430549 0.00888995 0)
(0.0440829 0.00786017 -0.01)
(0.0440829 0.00786017 0)
(0.0451126 0.00790204 -0.01)
(0.0451126 0.00790204 0)
(0.0440697 0.00887213 -0.01)
(0.0440697 0.00887213 0)
(0.0450862 0.00886234 -0.01)
(0.0450862 0.00886234 0)
(0.0420241 0.0099473 -0.01)
(0.0420241 0.0099473 0)
(0.0430316 0.0099335 -0.01)
(0.0430316 0.0099335 0)
(0.0420097 0.0109784 -0.01)
(0.0420097 0.0109784 0)
(0.0430138 0.0109705 -0.01)
(0.0430138 0.0109705 0)
(0.044042 0.00991619 -0.01)
(0.044042 0.00991619 0)
(0.0450538 0.00989703 -0.01)
(0.0450538 0.00989703 0)
(0.0440194 0.0109597 -0.01)
(0.0440194 0.0109597 0)
(0.0450261 0.0109464 -0.01)
(0.0450261 0.0109464 0)
(0.0380007 0.0119985 -0.01)
(0.0380007 0.0119985 0)
(0.039001 0.0119977 -0.01)
(0.039001 0.0119977 0)
(0.0380001 0.0129997 -0.01)
(0.0380001 0.0129997 0)
(0.0390002 0.0129996 -0.01)
(0.0390002 0.0129996 0)
(0.0400014 0.0119967 -0.01)
(0.0400014 0.0119967 0)
(0.041002 0.0119953 -0.01)
(0.041002 0.0119953 0)
(0.0400003 0.0129993 -0.01)
(0.0400003 0.0129993 0)
(0.0410005 0.0129989 -0.01)
(0.0410005 0.0129989 0)
(0.038 0.014 -0.01)
(0.038 0.014 0)
(0.039 0.0139999 -0.01)
(0.039 0.0139999 0)
(0.038 0.015 -0.01)
(0.038 0.015 0)
(0.039 0.015 -0.01)
(0.039 0.015 0)
(0.04 0.0139999 -0.01)
(0.04 0.0139999 0)
(0.0410001 0.0139998 -0.01)
(0.0410001 0.0139998 0)
(0.04 0.015 -0.01)
(0.04 0.015 0)
(0.041 0.015 -0.01)
(0.041 0.015 0)
(0.0420031 0.0119932 -0.01)
(0.0420031 0.0119932 0)
(0.0430047 0.0119899 -0.01)
(0.0430047 0.0119899 0)
(0.0420007 0.0129983 -0.01)
(0.0420007 0.0129983 0)
(0.0430012 0.0129973 -0.01)
(0.0430012 0.0129973 0)
(0.044007 0.0119852 -0.01)
(0.044007 0.0119852 0)
(0.04501 0.0119789 -0.01)
(0.04501 0.0119789 0)
(0.044002 0.0129957 -0.01)
(0.044002 0.0129957 0)
(0.0450031 0.0129935 -0.01)
(0.0450031 0.0129935 0)
(0.0420001 0.0139997 -0.01)
(0.0420001 0.0139997 0)
(0.0430003 0.0139995 -0.01)
(0.0430003 0.0139995 0)
(0.042 0.015 -0.01)
(0.042 0.015 0)
(0.043 0.0149999 -0.01)
(0.043 0.0149999 0)
(0.0440005 0.0139991 -0.01)
(0.0440005 0.0139991 0)
(0.0450009 0.0139985 -0.01)
(0.0450009 0.0139985 0)
(0.0440002 0.0149999 -0.01)
(0.0440002 0.0149999 0)
(0.0450007 0.0149998 -0.01)
(0.0450007 0.0149998 0)
(0.0460277 0.00715778 -0.01)
(0.0460277 0.00715778 0)
(0.0466575 0.00717077 -0.01)
(0.0466575 0.00717077 0)
(0.0460901 0.00792344 -0.01)
(0.0460901 0.00792344 0)
(0.047122 0.00774476 -0.01)
(0.047122 0.00774476 0)
(0.0460951 0.00884356 -0.01)
(0.0460951 0.00884356 0)
(0.0471128 0.00882062 -0.01)
(0.0471128 0.00882062 0)
(0.0482163 0.00798123 -0.01)
(0.0482163 0.00798123 0)
(0.0491214 0.0081314 -0.01)
(0.0491214 0.0081314 0)
(0.0481283 0.0088769 -0.01)
(0.0481283 0.0088769 0)
(0.049096 0.00894673 -0.01)
(0.049096 0.00894673 0)
(0.0460647 0.00987635 -0.01)
(0.0460647 0.00987635 0)
(0.0470741 0.00986198 -0.01)
(0.0470741 0.00986198 0)
(0.0460328 0.0109316 -0.01)
(0.0460328 0.0109316 0)
(0.0470387 0.0109185 -0.01)
(0.0470387 0.0109185 0)
(0.0480791 0.00986697 -0.01)
(0.0480791 0.00986697 0)
(0.0490748 0.00987803 -0.01)
(0.0490748 0.00987803 0)
(0.0480435 0.010909 -0.01)
(0.0480435 0.010909 0)
(0.0490487 0.0108992 -0.01)
(0.0490487 0.0108992 0)
(0.0499559 0.00823636 -0.01)
(0.0499559 0.00823636 0)
(0.0505727 0.00825071 -0.01)
(0.0505727 0.00825071 0)
(0.0500388 0.00897719 -0.01)
(0.0500388 0.00897719 0)
(0.0510482 0.00880991 -0.01)
(0.0510482 0.00880991 0)
(0.0521626 0.00903251 -0.01)
(0.0521626 0.00903251 0)
(0.0530341 0.00913275 -0.01)
(0.0530341 0.00913275 0)
(0.0500694 0.00986924 -0.01)
(0.0500694 0.00986924 0)
(0.0510875 0.00984468 -0.01)
(0.0510875 0.00984468 0)
(0.0500574 0.0108828 -0.01)
(0.0500574 0.0108828 0)
(0.0510725 0.0108638 -0.01)
(0.0510725 0.0108638 0)
(0.052117 0.00988469 -0.01)
(0.052117 0.00988469 0)
(0.0530957 0.00990389 -0.01)
(0.0530957 0.00990389 0)
(0.0520893 0.0108524 -0.01)
(0.0520893 0.0108524 0)
(0.0530989 0.0108318 -0.01)
(0.0530989 0.0108318 0)
(0.0460132 0.0119714 -0.01)
(0.0460132 0.0119714 0)
(0.0470164 0.0119636 -0.01)
(0.0470164 0.0119636 0)
(0.0460044 0.0129908 -0.01)
(0.0460044 0.0129908 0)
(0.0470063 0.0129878 -0.01)
(0.0470063 0.0129878 0)
(0.0480202 0.0119556 -0.01)
(0.0480202 0.0119556 0)
(0.0490257 0.0119456 -0.01)
(0.0490257 0.0119456 0)
(0.0480092 0.0129845 -0.01)
(0.0480092 0.0129845 0)
(0.0490138 0.0129804 -0.01)
(0.0490138 0.0129804 0)
(0.0460019 0.0139979 -0.01)
(0.0460019 0.0139979 0)
(0.0470041 0.0139977 -0.01)
(0.0470041 0.0139977 0)
(0.0460024 0.0150001 -0.01)
(0.0460024 0.0150001 0)
(0.0470071 0.0150016 -0.01)
(0.0470071 0.0150016 0)
(0.0480086 0.0139984 -0.01)
(0.0480086 0.0139984 0)
(0.0490159 0.0140008 -0.01)
(0.0490159 0.0140008 0)
(0.0480175 0.0150058 -0.01)
(0.0480175 0.0150058 0)
(0.0490349 0.0150155 -0.01)
(0.0490349 0.0150155 0)
(0.050034 0.0119318 -0.01)
(0.050034 0.0119318 0)
(0.0510449 0.0119143 -0.01)
(0.0510449 0.0119143 0)
(0.0500201 0.0129746 -0.01)
(0.0500201 0.0129746 0)
(0.051027 0.0129662 -0.01)
(0.051027 0.0129662 0)
(0.0520568 0.0118948 -0.01)
(0.0520568 0.0118948 0)
(0.0530675 0.0118732 -0.01)
(0.0530675 0.0118732 0)
(0.0520334 0.0129549 -0.01)
(0.0520334 0.0129549 0)
(0.0530383 0.0129411 -0.01)
(0.0530383 0.0129411 0)
(0.0500246 0.0140047 -0.01)
(0.0500246 0.0140047 0)
(0.0510311 0.0140081 -0.01)
(0.0510311 0.0140081 0)
(0.0500551 0.0150311 -0.01)
(0.0500551 0.0150311 0)
(0.0510682 0.0150481 -0.01)
(0.0510682 0.0150481 0)
(0.0520328 0.0140086 -0.01)
(0.0520328 0.0140086 0)
(0.0530295 0.0140053 -0.01)
(0.0530295 0.0140053 0)
(0.052066 0.0150593 -0.01)
(0.052066 0.0150593 0)
(0.0530493 0.0150641 -0.01)
(0.0530493 0.0150641 0)
(0.0536647 0.00914519 -0.01)
(0.0536647 0.00914519 0)
(0.0541292 0.00972149 -0.01)
(0.0541292 0.00972149 0)
(0.055221 0.00995752 -0.01)
(0.055221 0.00995752 0)
(0.0541166 0.010807 -0.01)
(0.0541166 0.010807 0)
(0.0551312 0.0108608 -0.01)
(0.0551312 0.0108608 0)
(0.0561252 0.0101064 -0.01)
(0.0561252 0.0101064 0)
(0.0569577 0.0102088 -0.01)
(0.0569577 0.0102088 0)
(0.0560986 0.010928 -0.01)
(0.0560986 0.010928 0)
(0.0570404 0.0109545 -0.01)
(0.0570404 0.0109545 0)
(0.0575713 0.0102212 -0.01)
(0.0575713 0.0102212 0)
(0.0580461 0.010781 -0.01)
(0.0580461 0.010781 0)
(0.0540764 0.0118575 -0.01)
(0.0540764 0.0118575 0)
(0.0550807 0.0118602 -0.01)
(0.0550807 0.0118602 0)
(0.0540415 0.0129276 -0.01)
(0.0540415 0.0129276 0)
(0.055044 0.0129162 -0.01)
(0.055044 0.0129162 0)
(0.0560759 0.0118682 -0.01)
(0.0560759 0.0118682 0)
(0.0570694 0.0118552 -0.01)
(0.0570694 0.0118552 0)
(0.0560476 0.0129027 -0.01)
(0.0560476 0.0129027 0)
(0.0570549 0.0128812 -0.01)
(0.0570549 0.0128812 0)
(0.0540239 0.0139986 -0.01)
(0.0540239 0.0139986 0)
(0.0550197 0.0139882 -0.01)
(0.0550197 0.0139882 0)
(0.0540264 0.0150642 -0.01)
(0.0540264 0.0150642 0)
(0.0550078 0.0150583 -0.01)
(0.0550078 0.0150583 0)
(0.0560203 0.0139723 -0.01)
(0.0560203 0.0139723 0)
(0.0570266 0.0139498 -0.01)
(0.0570266 0.0139498 0)
(0.0559998 0.0150435 -0.01)
(0.0559998 0.0150435 0)
(0.0570021 0.0150205 -0.01)
(0.0570021 0.0150205 0)
(0.0580838 0.0118251 -0.01)
(0.0580838 0.0118251 0)
(0.058068 0.0128558 -0.01)
(0.058068 0.0128558 0)
(0.058037 0.0139232 -0.01)
(0.058037 0.0139232 0)
(0.0580096 0.0149955 -0.01)
(0.0580096 0.0149955 0)
(0.0590172 0.0149736 -0.01)
(0.0590172 0.0149736 0)
(0.036 0.016 -0.01)
(0.036 0.016 0)
(0.037 0.016 -0.01)
(0.037 0.016 0)
(0.036 0.017 -0.01)
(0.036 0.017 0)
(0.037 0.017 -0.01)
(0.037 0.017 0)
(0.038 0.016 -0.01)
(0.038 0.016 0)
(0.039 0.016 -0.01)
(0.039 0.016 0)
(0.038 0.017 -0.01)
(0.038 0.017 0)
(0.039 0.017 -0.01)
(0.039 0.017 0)
(0.04 0.016 -0.01)
(0.04 0.016 0)
(0.041 0.016 -0.01)
(0.041 0.016 0)
(0.04 0.017 -0.01)
(0.04 0.017 0)
(0.041 0.017 -0.01)
(0.041 0.017 0)
(0.041 0.018 -0.01)
(0.041 0.018 0)
(0.042 0.016 -0.01)
(0.042 0.016 0)
(0.043 0.016 -0.01)
(0.043 0.016 0)
(0.042 0.017 -0.01)
(0.042 0.017 0)
(0.043 0.017 -0.01)
(0.043 0.017 0)
(0.0440002 0.016 -0.01)
(0.0440002 0.016 0)
(0.0450011 0.0160001 -0.01)
(0.0450011 0.0160001 0)
(0.0440003 0.017 -0.01)
(0.0440003 0.017 0)
(0.0450018 0.0170002 -0.01)
(0.0450018 0.0170002 0)
(0.042 0.018 -0.01)
(0.042 0.018 0)
(0.0430001 0.018 -0.01)
(0.0430001 0.018 0)
(0.0440004 0.018 -0.01)
(0.0440004 0.018 0)
(0.0450023 0.0180001 -0.01)
(0.0450023 0.0180001 0)
(0.0460044 0.0160008 -0.01)
(0.0460044 0.0160008 0)
(0.0470139 0.0160033 -0.01)
(0.0470139 0.0160033 0)
(0.0460071 0.0170008 -0.01)
(0.0460071 0.0170008 0)
(0.0470226 0.0170034 -0.01)
(0.0470226 0.0170034 0)
(0.0480357 0.0160106 -0.01)
(0.0480357 0.0160106 0)
(0.0490741 0.016028 -0.01)
(0.0490741 0.016028 0)
(0.0480594 0.0170115 -0.01)
(0.0480594 0.0170115 0)
(0.0491292 0.0170331 -0.01)
(0.0491292 0.0170331 0)
(0.0460091 0.0180004 -0.01)
(0.0460091 0.0180004 0)
(0.0470292 0.0180017 -0.01)
(0.0470292 0.0180017 0)
(0.0501222 0.0160581 -0.01)
(0.0501222 0.0160581 0)
(0.0511543 0.0160885 -0.01)
(0.0511543 0.0160885 0)
(0.0502301 0.0170776 -0.01)
(0.0502301 0.0170776 0)
(0.0513111 0.0171239 -0.01)
(0.0513111 0.0171239 0)
(0.0521481 0.0160987 -0.01)
(0.0521481 0.0160987 0)
(0.0531047 0.0161026 -0.01)
(0.0531047 0.0161026 0)
(0.0522925 0.0170775 -0.01)
(0.0522925 0.0170775 0)
(0.0531924 0.0170626 -0.01)
(0.0531924 0.0170626 0)
(0.052471 0.0178843 -0.01)
(0.052471 0.0178843 0)
(0.053289 0.0178907 -0.01)
(0.053289 0.0178907 0)
(0.0540489 0.0161091 -0.01)
(0.0540489 0.0161091 0)
(0.0550059 0.0161115 -0.01)
(0.0550059 0.0161115 0)
(0.054082 0.0170828 -0.01)
(0.054082 0.0170828 0)
(0.0550064 0.0171096 -0.01)
(0.0550064 0.0171096 0)
(0.0559887 0.0160988 -0.01)
(0.0559887 0.0160988 0)
(0.0569899 0.0160683 -0.01)
(0.0569899 0.0160683 0)
(0.0559972 0.0171132 -0.01)
(0.0559972 0.0171132 0)
(0.0570063 0.0170501 -0.01)
(0.0570063 0.0170501 0)
(0.0541022 0.0179456 -0.01)
(0.0541022 0.0179456 0)
(0.0570722 0.0178889 -0.01)
(0.0570722 0.0178889 0)
(0.0579949 0.0160409 -0.01)
(0.0579949 0.0160409 0)
(0.058997 0.0160276 -0.01)
(0.058997 0.0160276 0)
(0.0580007 0.0170155 -0.01)
(0.0580007 0.0170155 0)
(0.0589886 0.0170185 -0.01)
(0.0589886 0.0170185 0)
(0.0580305 0.0178739 -0.01)
(0.0580305 0.0178739 0)
(0.0367274 0.0038913 -0.01)
(0.0367274 0.0038913 0)
(0.0374808 0.00410321 -0.01)
(0.0374808 0.00410321 0)
(0.0382874 0.00433009 -0.01)
(0.0382874 0.00433009 0)
(0.0390307 0.00453916 -0.01)
(0.0390307 0.00453916 0)
(0.0398372 0.00476603 -0.01)
(0.0398372 0.00476603 0)
(0.0405906 0.00497793 -0.01)
(0.0405906 0.00497793 0)
(0.0413871 0.00520196 -0.01)
(0.0413871 0.00520196 0)
(0.0421631 0.00542024 -0.01)
(0.0421631 0.00542024 0)
(0.0429391 0.00563852 -0.01)
(0.0429391 0.00563852 0)
(0.0437356 0.00586256 -0.01)
(0.0437356 0.00586256 0)
(0.0444889 0.00607446 -0.01)
(0.0444889 0.00607446 0)
(0.0452955 0.00630133 -0.01)
(0.0452955 0.00630133 0)
(0.0460388 0.0065104 -0.01)
(0.0460388 0.0065104 0)
(0.0468453 0.00673727 -0.01)
(0.0468453 0.00673727 0)
(0.0475987 0.00694918 -0.01)
(0.0475987 0.00694918 0)
(0.0483951 0.00717321 -0.01)
(0.0483951 0.00717321 0)
(0.0491712 0.00739149 -0.01)
(0.0491712 0.00739149 0)
(0.0499472 0.00760977 -0.01)
(0.0499472 0.00760977 0)
(0.0507436 0.0078338 -0.01)
(0.0507436 0.0078338 0)
(0.051497 0.0080457 -0.01)
(0.051497 0.0080457 0)
(0.0523036 0.00827258 -0.01)
(0.0523036 0.00827258 0)
(0.0530468 0.00848164 -0.01)
(0.0530468 0.00848164 0)
(0.0538534 0.00870851 -0.01)
(0.0538534 0.00870851 0)
(0.0546065 0.00892036 -0.01)
(0.0546065 0.00892036 0)
(0.0554029 0.00914435 -0.01)
(0.0554029 0.00914435 0)
(0.0561767 0.00936202 -0.01)
(0.0561767 0.00936202 0)
(0.0569524 0.0095802 -0.01)
(0.0569524 0.0095802 0)
(0.0577398 0.00980168 -0.01)
(0.0577398 0.00980168 0)
(0.0584938 0.0100138 -0.01)
(0.0584938 0.0100138 0)
)


// ************************************************************************* //
