/*--------------------------------*- C++ -*----------------------------------*\
| =========                 |                                                 |
| \\      /  F ield         | OpenFOAM: The Open Source CFD Toolbox           |
|  \\    /   O peration     | Version:  2306                                  |
|   \\  /    A nd           | Website:  www.openfoam.com                      |
|    \\/     M anipulation  |                                                 |
\*---------------------------------------------------------------------------*/
FoamFile
{
    version     2.0;
    format      ascii;
    arch        "LSB;label=32;scalar=64";
    class       faceList;
    location    "constant/polyMesh";
    object      faces;
}
// * * * * * * * * * * * * * * * * * * * * * * * * * * * * * * * * * * * * * //


1197
(
4(396 652 653 397)
4(396 397 399 398)
4(390 650 651 391)
4(390 391 397 396)
4(388 648 649 389)
4(388 389 391 390)
4(366 646 647 367)
4(366 367 389 388)
4(355 354 644 645)
4(354 355 367 366)
4(352 642 643 353)
4(352 353 355 354)
4(350 640 641 351)
4(350 351 353 352)
4(348 638 639 349)
4(348 349 351 350)
4(347 346 636 637)
4(346 347 349 348)
4(84 634 635 85)
4(84 85 347 346)
4(82 632 633 83)
4(82 83 85 84)
4(76 630 631 77)
4(76 77 83 82)
4(74 628 629 75)
4(74 75 77 76)
4(68 626 627 69)
4(68 69 75 74)
4(66 624 625 67)
4(66 67 69 68)
4(60 622 623 61)
4(60 61 67 66)
4(58 620 621 59)
4(58 59 61 60)
4(57 56 618 619)
4(56 57 59 58)
4(6 616 617 7)
4(6 7 57 56)
4(4 614 615 5)
4(4 5 7 6)
4(2 612 613 3)
4(2 3 5 4)
4(0 1 3 2)
4(598 602 603 599)
4(592 598 599 593)
4(592 593 597 596)
4(600 604 605 601)
4(598 600 601 599)
4(600 606 607 601)
4(528 529 601 600)
4(528 532 533 529)
4(526 527 599 598)
4(526 528 529 527)
4(504 505 593 592)
4(504 526 527 505)
4(590 591 593 592)
4(502 503 591 590)
4(502 504 505 503)
4(590 591 595 594)
4(582 586 587 583)
4(576 582 583 577)
4(576 577 581 580)
4(584 588 589 585)
4(582 584 585 583)
4(584 590 591 585)
4(496 497 585 584)
4(496 502 503 497)
4(494 495 583 582)
4(494 496 497 495)
4(344 345 577 576)
4(344 494 495 345)
4(574 575 577 576)
4(342 343 575 574)
4(342 344 345 343)
4(574 575 579 578)
4(566 570 571 567)
4(560 566 567 561)
4(560 561 565 564)
4(568 572 573 569)
4(566 568 569 567)
4(568 574 575 569)
4(336 337 569 568)
4(336 342 343 337)
4(334 335 567 566)
4(334 336 337 335)
4(312 313 561 560)
4(312 334 335 313)
4(558 559 561 560)
4(310 311 559 558)
4(310 312 313 311)
4(558 559 563 562)
4(550 554 555 551)
4(544 550 551 545)
4(544 545 549 548)
4(552 556 557 553)
4(550 552 553 551)
4(552 558 559 553)
4(304 305 553 552)
4(304 310 311 305)
4(302 303 551 550)
4(302 304 305 303)
4(216 217 545 544)
4(216 302 303 217)
4(542 543 545 544)
4(214 215 543 542)
4(214 216 217 215)
4(542 543 547 546)
4(536 540 541 537)
4(534 536 537 535)
4(536 542 543 537)
4(208 209 537 536)
4(208 214 215 209)
4(206 208 209 207)
4(204 208 209 205)
4(202 204 205 203)
4(210 214 215 211)
4(204 210 211 205)
4(212 216 217 213)
4(210 212 213 211)
4(298 302 303 299)
4(212 298 299 213)
4(300 304 305 301)
4(298 300 301 299)
4(306 310 311 307)
4(300 306 307 301)
4(308 312 313 309)
4(306 308 309 307)
4(330 334 335 331)
4(308 330 331 309)
4(332 336 337 333)
4(330 332 333 331)
4(338 342 343 339)
4(332 338 339 333)
4(340 344 345 341)
4(338 340 341 339)
4(490 494 495 491)
4(340 490 491 341)
4(492 496 497 493)
4(490 492 493 491)
4(498 502 503 499)
4(492 498 499 493)
4(500 504 505 501)
4(498 500 501 499)
4(522 526 527 523)
4(500 522 523 501)
4(524 528 529 525)
4(522 524 525 523)
4(524 530 531 525)
4(514 515 517 516)
4(470 471 515 514)
4(514 515 519 518)
4(512 513 525 524)
4(512 518 519 513)
4(510 511 523 522)
4(510 512 513 511)
4(488 510 511 489)
4(488 489 501 500)
4(506 510 511 507)
4(484 506 507 485)
4(484 485 489 488)
4(508 512 513 509)
4(506 508 509 507)
4(508 514 515 509)
4(466 467 509 508)
4(466 470 471 467)
4(464 465 507 506)
4(464 466 467 465)
4(446 447 485 484)
4(446 464 465 447)
4(482 483 485 484)
4(444 445 483 482)
4(444 446 447 445)
4(486 487 489 488)
4(482 483 487 486)
4(486 487 499 498)
4(480 481 493 492)
4(480 486 487 481)
4(478 479 491 490)
4(478 480 481 479)
4(328 478 479 329)
4(328 329 341 340)
4(474 478 479 475)
4(324 474 475 325)
4(324 325 329 328)
4(476 480 481 477)
4(474 476 477 475)
4(476 482 483 477)
4(438 439 477 476)
4(438 444 445 439)
4(436 437 475 474)
4(436 438 439 437)
4(280 436 437 281)
4(280 281 325 324)
4(432 436 437 433)
4(276 432 433 277)
4(276 277 281 280)
4(434 438 439 435)
4(432 434 435 433)
4(440 444 445 441)
4(434 440 441 435)
4(442 446 447 443)
4(440 442 443 441)
4(460 464 465 461)
4(442 460 461 443)
4(462 466 467 463)
4(460 462 463 461)
4(462 468 469 463)
4(454 455 463 462)
4(454 458 459 455)
4(452 453 461 460)
4(452 454 455 453)
4(430 452 453 431)
4(430 431 443 442)
4(448 452 453 449)
4(426 448 449 427)
4(426 427 431 430)
4(450 454 455 451)
4(448 450 451 449)
4(450 456 457 451)
4(410 411 451 450)
4(410 414 415 411)
4(408 409 449 448)
4(408 410 411 409)
4(386 387 427 426)
4(386 408 409 387)
4(424 425 427 426)
4(384 385 425 424)
4(384 386 387 385)
4(428 429 431 430)
4(424 425 429 428)
4(428 429 441 440)
4(422 423 435 434)
4(422 428 429 423)
4(420 421 433 432)
4(420 422 423 421)
4(264 420 421 265)
4(264 265 277 276)
4(416 420 421 417)
4(260 416 417 261)
4(260 261 265 264)
4(418 422 423 419)
4(416 418 419 417)
4(418 424 425 419)
4(378 379 419 418)
4(378 384 385 379)
4(376 377 417 416)
4(376 378 379 377)
4(152 376 377 153)
4(152 153 261 260)
4(372 376 377 373)
4(148 372 373 149)
4(148 149 153 152)
4(374 378 379 375)
4(372 374 375 373)
4(380 384 385 381)
4(374 380 381 375)
4(382 386 387 383)
4(380 382 383 381)
4(404 408 409 405)
4(382 404 405 383)
4(406 410 411 407)
4(404 406 407 405)
4(406 412 413 407)
4(394 395 407 406)
4(394 400 401 395)
4(392 393 405 404)
4(392 394 395 393)
4(370 392 393 371)
4(370 371 383 382)
4(388 392 393 389)
4(366 367 371 370)
4(390 394 395 391)
4(396 400 401 397)
4(368 369 371 370)
4(364 365 369 368)
4(364 366 367 365)
4(368 369 381 380)
4(362 363 375 374)
4(362 368 369 363)
4(360 361 373 372)
4(360 362 363 361)
4(136 360 361 137)
4(136 137 149 148)
4(356 360 361 357)
4(132 356 357 133)
4(132 133 137 136)
4(358 362 363 359)
4(356 358 359 357)
4(358 364 365 359)
4(352 364 365 353)
4(350 351 359 358)
4(348 349 357 356)
4(88 348 349 89)
4(88 89 133 132)
4(84 85 89 88)
4(86 87 89 88)
4(82 83 87 86)
4(130 131 133 132)
4(86 87 131 130)
4(134 135 137 136)
4(130 131 135 134)
4(146 147 149 148)
4(134 135 147 146)
4(150 151 153 152)
4(146 147 151 150)
4(258 259 261 260)
4(150 151 259 258)
4(262 263 265 264)
4(258 259 263 262)
4(274 275 277 276)
4(262 263 275 274)
4(278 279 281 280)
4(274 275 279 278)
4(322 323 325 324)
4(278 279 323 322)
4(326 327 329 328)
4(322 323 327 326)
4(326 327 339 338)
4(320 321 333 332)
4(320 326 327 321)
4(318 319 331 330)
4(318 320 321 319)
4(296 318 319 297)
4(296 297 309 308)
4(314 318 319 315)
4(292 314 315 293)
4(292 293 297 296)
4(316 320 321 317)
4(314 316 317 315)
4(316 322 323 317)
4(272 273 317 316)
4(272 278 279 273)
4(270 271 315 314)
4(270 272 273 271)
4(248 249 293 292)
4(248 270 271 249)
4(290 291 293 292)
4(246 247 291 290)
4(246 248 249 247)
4(294 295 297 296)
4(290 291 295 294)
4(294 295 307 306)
4(288 289 301 300)
4(288 294 295 289)
4(286 287 299 298)
4(286 288 289 287)
4(200 286 287 201)
4(200 201 213 212)
4(282 286 287 283)
4(196 282 283 197)
4(196 197 201 200)
4(284 288 289 285)
4(282 284 285 283)
4(284 290 291 285)
4(240 241 285 284)
4(240 246 247 241)
4(238 239 283 282)
4(238 240 241 239)
4(184 238 239 185)
4(184 185 197 196)
4(234 238 239 235)
4(180 234 235 181)
4(180 181 185 184)
4(236 240 241 237)
4(234 236 237 235)
4(242 246 247 243)
4(236 242 243 237)
4(244 248 249 245)
4(242 244 245 243)
4(266 270 271 267)
4(244 266 267 245)
4(268 272 273 269)
4(266 268 269 267)
4(268 274 275 269)
4(256 257 269 268)
4(256 262 263 257)
4(254 255 267 266)
4(254 256 257 255)
4(232 254 255 233)
4(232 233 245 244)
4(250 254 255 251)
4(228 250 251 229)
4(228 229 233 232)
4(252 256 257 253)
4(250 252 253 251)
4(252 258 259 253)
4(144 145 253 252)
4(144 150 151 145)
4(142 143 251 250)
4(142 144 145 143)
4(120 121 229 228)
4(120 142 143 121)
4(226 227 229 228)
4(118 119 227 226)
4(118 120 121 119)
4(230 231 233 232)
4(226 227 231 230)
4(230 231 243 242)
4(224 225 237 236)
4(224 230 231 225)
4(222 223 235 234)
4(222 224 225 223)
4(168 222 223 169)
4(168 169 181 180)
4(218 222 223 219)
4(164 218 219 165)
4(164 165 169 168)
4(220 224 225 221)
4(218 220 221 219)
4(220 226 227 221)
4(112 113 221 220)
4(112 118 119 113)
4(110 111 219 218)
4(110 112 113 111)
4(54 55 165 164)
4(54 110 111 55)
4(162 163 165 164)
4(52 53 163 162)
4(52 54 55 53)
4(166 167 169 168)
4(162 163 167 166)
4(178 179 181 180)
4(166 167 179 178)
4(182 183 185 184)
4(178 179 183 182)
4(194 195 197 196)
4(182 183 195 194)
4(198 199 201 200)
4(194 195 199 198)
4(198 199 211 210)
4(192 193 205 204)
4(192 198 199 193)
4(190 192 193 191)
4(188 192 193 189)
4(186 188 189 187)
4(188 194 195 189)
4(176 177 189 188)
4(176 182 183 177)
4(174 176 177 175)
4(172 176 177 173)
4(170 172 173 171)
4(172 178 179 173)
4(160 161 173 172)
4(160 166 167 161)
4(158 160 161 159)
4(156 160 161 157)
4(154 156 157 155)
4(156 162 163 157)
4(46 47 157 156)
4(46 52 53 47)
4(44 46 47 45)
4(42 46 47 43)
4(40 42 43 41)
4(48 52 53 49)
4(42 48 49 43)
4(50 54 55 51)
4(48 50 51 49)
4(106 110 111 107)
4(50 106 107 51)
4(108 112 113 109)
4(106 108 109 107)
4(114 118 119 115)
4(108 114 115 109)
4(116 120 121 117)
4(114 116 117 115)
4(138 142 143 139)
4(116 138 139 117)
4(140 144 145 141)
4(138 140 141 139)
4(140 146 147 141)
4(128 129 141 140)
4(128 134 135 129)
4(126 127 139 138)
4(126 128 129 127)
4(104 126 127 105)
4(104 105 117 116)
4(122 126 127 123)
4(100 122 123 101)
4(100 101 105 104)
4(124 128 129 125)
4(122 124 125 123)
4(124 130 131 125)
4(80 81 125 124)
4(80 86 87 81)
4(78 79 123 122)
4(78 80 81 79)
4(72 73 101 100)
4(72 78 79 73)
4(98 99 101 100)
4(70 71 99 98)
4(70 72 73 71)
4(102 103 105 104)
4(98 99 103 102)
4(102 103 115 114)
4(96 97 109 108)
4(96 102 103 97)
4(94 95 107 106)
4(94 96 97 95)
4(38 94 95 39)
4(38 39 51 50)
4(90 94 95 91)
4(34 90 91 35)
4(34 35 39 38)
4(92 96 97 93)
4(90 92 93 91)
4(92 98 99 93)
4(64 65 93 92)
4(64 70 71 65)
4(62 63 91 90)
4(62 64 65 63)
4(22 62 63 23)
4(22 23 35 34)
4(58 62 63 59)
4(18 58 59 19)
4(18 19 23 22)
4(60 64 65 61)
4(66 70 71 67)
4(68 72 73 69)
4(74 78 79 75)
4(76 80 81 77)
4(6 7 19 18)
4(16 17 19 18)
4(4 5 17 16)
4(20 21 23 22)
4(16 17 21 20)
4(32 33 35 34)
4(20 21 33 32)
4(36 37 39 38)
4(32 33 37 36)
4(36 37 49 48)
4(30 31 43 42)
4(30 36 37 31)
4(28 30 31 29)
4(26 30 31 27)
4(24 26 27 25)
4(26 32 33 27)
4(14 15 27 26)
4(14 20 21 15)
4(12 14 15 13)
4(10 14 15 11)
4(8 10 11 9)
4(10 16 17 11)
4(2 3 11 10)
4(610 612 613 611)
4(612 614 615 613)
4(614 616 617 615)
4(618 620 621 619)
4(616 618 619 617)
4(620 622 623 621)
4(622 624 625 623)
4(624 626 627 625)
4(626 628 629 627)
4(628 630 631 629)
4(630 632 633 631)
4(632 634 635 633)
4(636 638 639 637)
4(634 636 637 635)
4(638 640 641 639)
4(640 642 643 641)
4(644 646 647 645)
4(642 644 645 643)
4(646 648 649 647)
4(648 650 651 649)
4(650 652 653 651)
4(652 654 655 653)
4(0 2 612 610)
4(2 4 614 612)
4(4 6 616 614)
4(56 58 620 618)
4(6 56 618 616)
4(58 60 622 620)
4(60 66 624 622)
4(66 68 626 624)
4(68 74 628 626)
4(74 76 630 628)
4(76 82 632 630)
4(82 84 634 632)
4(346 348 638 636)
4(84 346 636 634)
4(348 350 640 638)
4(350 352 642 640)
4(354 366 646 644)
4(352 354 644 642)
4(366 388 648 646)
4(388 390 650 648)
4(390 396 652 650)
4(396 398 654 652)
4(206 534 536 208)
4(534 538 540 536)
4(208 536 542 214)
4(214 542 544 216)
4(536 540 546 542)
4(542 546 548 544)
4(216 544 550 302)
4(302 550 552 304)
4(544 548 554 550)
4(550 554 556 552)
4(304 552 558 310)
4(310 558 560 312)
4(552 556 562 558)
4(558 562 564 560)
4(312 560 566 334)
4(334 566 568 336)
4(560 564 570 566)
4(566 570 572 568)
4(336 568 574 342)
4(342 574 576 344)
4(568 572 578 574)
4(574 578 580 576)
4(0 8 10 2)
4(8 12 14 10)
4(2 10 16 4)
4(4 16 18 6)
4(10 14 20 16)
4(16 20 22 18)
4(12 24 26 14)
4(24 28 30 26)
4(14 26 32 20)
4(20 32 34 22)
4(26 30 36 32)
4(32 36 38 34)
4(28 40 42 30)
4(40 44 46 42)
4(30 42 48 36)
4(36 48 50 38)
4(42 46 52 48)
4(48 52 54 50)
4(6 18 58 56)
4(18 22 62 58)
4(58 62 64 60)
4(60 64 70 66)
4(66 70 72 68)
4(68 72 78 74)
4(74 78 80 76)
4(76 80 86 82)
4(82 86 88 84)
4(22 34 90 62)
4(62 90 92 64)
4(34 38 94 90)
4(90 94 96 92)
4(64 92 98 70)
4(70 98 100 72)
4(92 96 102 98)
4(98 102 104 100)
4(38 50 106 94)
4(94 106 108 96)
4(50 54 110 106)
4(106 110 112 108)
4(96 108 114 102)
4(102 114 116 104)
4(108 112 118 114)
4(114 118 120 116)
4(72 100 122 78)
4(78 122 124 80)
4(100 104 126 122)
4(122 126 128 124)
4(80 124 130 86)
4(86 130 132 88)
4(124 128 134 130)
4(130 134 136 132)
4(104 116 138 126)
4(344 576 582 494)
4(126 138 140 128)
4(494 582 584 496)
4(116 120 142 138)
4(576 580 586 582)
4(138 142 144 140)
4(582 586 588 584)
4(128 140 146 134)
4(496 584 590 502)
4(134 146 148 136)
4(502 590 592 504)
4(140 144 150 146)
4(584 588 594 590)
4(146 150 152 148)
4(590 594 596 592)
4(504 592 598 526)
4(526 598 600 528)
4(592 596 602 598)
4(598 602 604 600)
4(528 600 606 532)
4(600 604 608 606)
4(44 154 156 46)
4(154 158 160 156)
4(46 156 162 52)
4(52 162 164 54)
4(156 160 166 162)
4(162 166 168 164)
4(158 170 172 160)
4(170 174 176 172)
4(160 172 178 166)
4(166 178 180 168)
4(172 176 182 178)
4(178 182 184 180)
4(174 186 188 176)
4(186 190 192 188)
4(176 188 194 182)
4(182 194 196 184)
4(188 192 198 194)
4(194 198 200 196)
4(190 202 204 192)
4(202 206 208 204)
4(192 204 210 198)
4(198 210 212 200)
4(204 208 214 210)
4(210 214 216 212)
4(54 164 218 110)
4(110 218 220 112)
4(164 168 222 218)
4(218 222 224 220)
4(112 220 226 118)
4(118 226 228 120)
4(220 224 230 226)
4(226 230 232 228)
4(168 180 234 222)
4(222 234 236 224)
4(180 184 238 234)
4(234 238 240 236)
4(224 236 242 230)
4(230 242 244 232)
4(236 240 246 242)
4(242 246 248 244)
4(120 228 250 142)
4(142 250 252 144)
4(228 232 254 250)
4(250 254 256 252)
4(144 252 258 150)
4(150 258 260 152)
4(252 256 262 258)
4(258 262 264 260)
4(232 244 266 254)
4(254 266 268 256)
4(244 248 270 266)
4(266 270 272 268)
4(256 268 274 262)
4(262 274 276 264)
4(268 272 278 274)
4(274 278 280 276)
4(184 196 282 238)
4(238 282 284 240)
4(196 200 286 282)
4(282 286 288 284)
4(240 284 290 246)
4(246 290 292 248)
4(284 288 294 290)
4(290 294 296 292)
4(200 212 298 286)
4(286 298 300 288)
4(212 216 302 298)
4(298 302 304 300)
4(288 300 306 294)
4(294 306 308 296)
4(300 304 310 306)
4(306 310 312 308)
4(248 292 314 270)
4(270 314 316 272)
4(292 296 318 314)
4(314 318 320 316)
4(272 316 322 278)
4(278 322 324 280)
4(316 320 326 322)
4(322 326 328 324)
4(296 308 330 318)
4(318 330 332 320)
4(308 312 334 330)
4(330 334 336 332)
4(320 332 338 326)
4(326 338 340 328)
4(332 336 342 338)
4(338 342 344 340)
4(84 88 348 346)
4(88 132 356 348)
4(348 356 358 350)
4(132 136 360 356)
4(356 360 362 358)
4(350 358 364 352)
4(352 364 366 354)
4(358 362 368 364)
4(364 368 370 366)
4(136 148 372 360)
4(360 372 374 362)
4(148 152 376 372)
4(372 376 378 374)
4(362 374 380 368)
4(368 380 382 370)
4(374 378 384 380)
4(380 384 386 382)
4(366 370 392 388)
4(388 392 394 390)
4(390 394 400 396)
4(396 400 402 398)
4(370 382 404 392)
4(392 404 406 394)
4(382 386 408 404)
4(404 408 410 406)
4(394 406 412 400)
4(406 410 414 412)
4(152 260 416 376)
4(376 416 418 378)
4(260 264 420 416)
4(416 420 422 418)
4(378 418 424 384)
4(384 424 426 386)
4(418 422 428 424)
4(424 428 430 426)
4(264 276 432 420)
4(420 432 434 422)
4(276 280 436 432)
4(432 436 438 434)
4(422 434 440 428)
4(428 440 442 430)
4(434 438 444 440)
4(440 444 446 442)
4(386 426 448 408)
4(408 448 450 410)
4(426 430 452 448)
4(448 452 454 450)
4(410 450 456 414)
4(450 454 458 456)
4(430 442 460 452)
4(452 460 462 454)
4(442 446 464 460)
4(460 464 466 462)
4(454 462 468 458)
4(462 466 470 468)
4(280 324 474 436)
4(436 474 476 438)
4(324 328 478 474)
4(474 478 480 476)
4(438 476 482 444)
4(444 482 484 446)
4(476 480 486 482)
4(482 486 488 484)
4(328 340 490 478)
4(478 490 492 480)
4(340 344 494 490)
4(490 494 496 492)
4(480 492 498 486)
4(486 498 500 488)
4(492 496 502 498)
4(498 502 504 500)
4(446 484 506 464)
4(464 506 508 466)
4(484 488 510 506)
4(506 510 512 508)
4(466 508 514 470)
4(470 514 516 472)
4(508 512 518 514)
4(514 518 520 516)
4(488 500 522 510)
4(510 522 524 512)
4(500 504 526 522)
4(522 526 528 524)
4(512 524 530 518)
4(524 528 532 530)
4(3 1 611 613)
4(5 3 613 615)
4(7 5 615 617)
4(59 57 619 621)
4(57 7 617 619)
4(61 59 621 623)
4(67 61 623 625)
4(69 67 625 627)
4(75 69 627 629)
4(77 75 629 631)
4(83 77 631 633)
4(85 83 633 635)
4(349 347 637 639)
4(347 85 635 637)
4(351 349 639 641)
4(353 351 641 643)
4(367 355 645 647)
4(355 353 643 645)
4(389 367 647 649)
4(391 389 649 651)
4(397 391 651 653)
4(399 397 653 655)
4(207 209 537 535)
4(535 537 541 539)
4(209 215 543 537)
4(215 217 545 543)
4(537 543 547 541)
4(543 545 549 547)
4(217 303 551 545)
4(303 305 553 551)
4(545 551 555 549)
4(551 553 557 555)
4(305 311 559 553)
4(311 313 561 559)
4(553 559 563 557)
4(559 561 565 563)
4(313 335 567 561)
4(335 337 569 567)
4(561 567 571 565)
4(567 569 573 571)
4(337 343 575 569)
4(343 345 577 575)
4(569 575 579 573)
4(575 577 581 579)
4(1 3 11 9)
4(9 11 15 13)
4(3 5 17 11)
4(5 7 19 17)
4(11 17 21 15)
4(17 19 23 21)
4(13 15 27 25)
4(25 27 31 29)
4(15 21 33 27)
4(21 23 35 33)
4(27 33 37 31)
4(33 35 39 37)
4(29 31 43 41)
4(41 43 47 45)
4(31 37 49 43)
4(37 39 51 49)
4(43 49 53 47)
4(49 51 55 53)
4(7 57 59 19)
4(19 59 63 23)
4(59 61 65 63)
4(61 67 71 65)
4(67 69 73 71)
4(69 75 79 73)
4(75 77 81 79)
4(77 83 87 81)
4(83 85 89 87)
4(23 63 91 35)
4(63 65 93 91)
4(35 91 95 39)
4(91 93 97 95)
4(65 71 99 93)
4(71 73 101 99)
4(93 99 103 97)
4(99 101 105 103)
4(39 95 107 51)
4(95 97 109 107)
4(51 107 111 55)
4(107 109 113 111)
4(97 103 115 109)
4(103 105 117 115)
4(109 115 119 113)
4(115 117 121 119)
4(73 79 123 101)
4(79 81 125 123)
4(101 123 127 105)
4(123 125 129 127)
4(81 87 131 125)
4(87 89 133 131)
4(125 131 135 129)
4(131 133 137 135)
4(345 495 583 577)
4(105 127 139 117)
4(495 497 585 583)
4(127 129 141 139)
4(577 583 587 581)
4(117 139 143 121)
4(583 585 589 587)
4(139 141 145 143)
4(497 503 591 585)
4(129 135 147 141)
4(503 505 593 591)
4(135 137 149 147)
4(585 591 595 589)
4(141 147 151 145)
4(591 593 597 595)
4(147 149 153 151)
4(505 527 599 593)
4(527 529 601 599)
4(593 599 603 597)
4(599 601 605 603)
4(529 533 607 601)
4(601 607 609 605)
4(45 47 157 155)
4(155 157 161 159)
4(47 53 163 157)
4(53 55 165 163)
4(157 163 167 161)
4(163 165 169 167)
4(159 161 173 171)
4(171 173 177 175)
4(161 167 179 173)
4(167 169 181 179)
4(173 179 183 177)
4(179 181 185 183)
4(175 177 189 187)
4(187 189 193 191)
4(177 183 195 189)
4(183 185 197 195)
4(189 195 199 193)
4(195 197 201 199)
4(191 193 205 203)
4(203 205 209 207)
4(193 199 211 205)
4(199 201 213 211)
4(205 211 215 209)
4(211 213 217 215)
4(55 111 219 165)
4(111 113 221 219)
4(165 219 223 169)
4(219 221 225 223)
4(113 119 227 221)
4(119 121 229 227)
4(221 227 231 225)
4(227 229 233 231)
4(169 223 235 181)
4(223 225 237 235)
4(181 235 239 185)
4(235 237 241 239)
4(225 231 243 237)
4(231 233 245 243)
4(237 243 247 241)
4(243 245 249 247)
4(121 143 251 229)
4(143 145 253 251)
4(229 251 255 233)
4(251 253 257 255)
4(145 151 259 253)
4(151 153 261 259)
4(253 259 263 257)
4(259 261 265 263)
4(233 255 267 245)
4(255 257 269 267)
4(245 267 271 249)
4(267 269 273 271)
4(257 263 275 269)
4(263 265 277 275)
4(269 275 279 273)
4(275 277 281 279)
4(185 239 283 197)
4(239 241 285 283)
4(197 283 287 201)
4(283 285 289 287)
4(241 247 291 285)
4(247 249 293 291)
4(285 291 295 289)
4(291 293 297 295)
4(201 287 299 213)
4(287 289 301 299)
4(213 299 303 217)
4(299 301 305 303)
4(289 295 307 301)
4(295 297 309 307)
4(301 307 311 305)
4(307 309 313 311)
4(249 271 315 293)
4(271 273 317 315)
4(293 315 319 297)
4(315 317 321 319)
4(273 279 323 317)
4(279 281 325 323)
4(317 323 327 321)
4(323 325 329 327)
4(297 319 331 309)
4(319 321 333 331)
4(309 331 335 313)
4(331 333 337 335)
4(321 327 339 333)
4(327 329 341 339)
4(333 339 343 337)
4(339 341 345 343)
4(85 347 349 89)
4(89 349 357 133)
4(349 351 359 357)
4(133 357 361 137)
4(357 359 363 361)
4(351 353 365 359)
4(353 355 367 365)
4(359 365 369 363)
4(365 367 371 369)
4(137 361 373 149)
4(361 363 375 373)
4(149 373 377 153)
4(373 375 379 377)
4(363 369 381 375)
4(369 371 383 381)
4(375 381 385 379)
4(381 383 387 385)
4(367 389 393 371)
4(389 391 395 393)
4(391 397 401 395)
4(397 399 403 401)
4(371 393 405 383)
4(393 395 407 405)
4(383 405 409 387)
4(405 407 411 409)
4(395 401 413 407)
4(407 413 415 411)
4(153 377 417 261)
4(377 379 419 417)
4(261 417 421 265)
4(417 419 423 421)
4(379 385 425 419)
4(385 387 427 425)
4(419 425 429 423)
4(425 427 431 429)
4(265 421 433 277)
4(421 423 435 433)
4(277 433 437 281)
4(433 435 439 437)
4(423 429 441 435)
4(429 431 443 441)
4(435 441 445 439)
4(441 443 447 445)
4(387 409 449 427)
4(409 411 451 449)
4(427 449 453 431)
4(449 451 455 453)
4(411 415 457 451)
4(451 457 459 455)
4(431 453 461 443)
4(453 455 463 461)
4(443 461 465 447)
4(461 463 467 465)
4(455 459 469 463)
4(463 469 471 467)
4(281 437 475 325)
4(437 439 477 475)
4(325 475 479 329)
4(475 477 481 479)
4(439 445 483 477)
4(445 447 485 483)
4(477 483 487 481)
4(483 485 489 487)
4(329 479 491 341)
4(479 481 493 491)
4(341 491 495 345)
4(491 493 497 495)
4(481 487 499 493)
4(487 489 501 499)
4(493 499 503 497)
4(499 501 505 503)
4(447 465 507 485)
4(465 467 509 507)
4(485 507 511 489)
4(507 509 513 511)
4(467 471 515 509)
4(471 473 517 515)
4(509 515 519 513)
4(515 517 521 519)
4(489 511 523 501)
4(511 513 525 523)
4(501 523 527 505)
4(523 525 529 527)
4(513 519 531 525)
4(525 531 533 529)
4(0 610 611 1)
4(534 535 539 538)
4(206 207 535 534)
4(202 203 207 206)
4(190 191 203 202)
4(186 187 191 190)
4(174 175 187 186)
4(170 171 175 174)
4(158 159 171 170)
4(154 155 159 158)
4(44 45 155 154)
4(40 41 45 44)
4(28 29 41 40)
4(24 25 29 28)
4(12 13 25 24)
4(8 9 13 12)
4(0 1 9 8)
4(399 655 654 398)
4(398 402 403 399)
4(532 606 607 533)
4(606 608 609 607)
4(530 532 533 531)
4(516 520 521 517)
4(472 516 517 473)
4(414 456 457 415)
4(456 458 459 457)
4(458 468 469 459)
4(470 472 473 471)
4(468 470 471 469)
4(518 519 521 520)
4(518 530 531 519)
4(412 414 415 413)
4(400 412 413 401)
4(400 401 403 402)
4(604 605 609 608)
4(602 603 605 604)
4(596 597 603 602)
4(594 595 597 596)
4(588 589 595 594)
4(586 587 589 588)
4(580 581 587 586)
4(578 579 581 580)
4(572 573 579 578)
4(570 571 573 572)
4(564 565 571 570)
4(562 563 565 564)
4(556 557 563 562)
4(554 555 557 556)
4(548 549 555 554)
4(546 547 549 548)
4(540 541 547 546)
4(538 539 541 540)
)


// ************************************************************************* //
