/*--------------------------------*- C++ -*----------------------------------*\
| =========                 |                                                 |
| \\      /  F ield         | OpenFOAM: The Open Source CFD Toolbox           |
|  \\    /   O peration     | Version:  2306                                  |
|   \\  /    A nd           | Website:  www.openfoam.com                      |
|    \\/     M anipulation  |                                                 |
\*---------------------------------------------------------------------------*/
FoamFile
{
    version     2.0;
    format      ascii;
    arch        "LSB;label=32;scalar=64";
    note        "nPoints:656  nCells:290  nFaces:1197  nInternalFaces:543";
    class       labelList;
    location    "constant/polyMesh";
    object      neighbour;
}
// * * * * * * * * * * * * * * * * * * * * * * * * * * * * * * * * * * * * * //


543
(
1
140
2
139
3
138
4
137
5
150
6
150
7
149
8
151
9
153
10
153
11
154
12
273
13
272
14
271
15
270
16
269
17
268
18
274
19
274
20
275
21
288
289
23
27
29
24
26
25
26
75
27
74
28
73
29
33
72
32
31
35
37
32
34
33
34
71
35
70
36
69
37
41
68
40
39
43
45
40
42
41
42
67
43
66
44
65
45
49
64
48
47
51
53
48
50
49
50
63
51
62
52
61
53
56
60
55
55
57
56
57
59
58
59
223
60
222
61
221
62
180
63
179
64
178
65
177
66
168
67
167
68
166
69
165
70
92
71
91
72
90
73
89
74
80
75
79
78
77
84
83
79
83
80
82
81
89
82
86
88
83
85
84
85
105
86
104
87
103
88
96
102
89
95
90
91
95
92
94
93
165
94
98
164
95
97
96
97
101
98
100
99
163
100
120
162
101
119
102
118
103
117
104
108
105
107
106
107
111
108
110
109
117
110
114
116
111
113
112
113
133
114
132
115
131
116
124
130
117
123
118
119
123
120
122
121
161
122
126
160
123
125
124
125
129
126
128
127
159
128
145
158
129
144
130
143
131
142
132
136
133
135
134
135
139
136
138
137
142
138
141
139
140
142
148
150
143
144
148
145
147
146
157
147
152
156
148
151
149
150
151
152
153
155
154
155
273
156
252
157
251
158
246
159
245
160
200
161
199
162
194
163
193
164
172
165
171
166
167
171
168
170
169
177
170
174
176
171
173
172
173
193
174
192
175
191
176
184
190
177
183
178
179
183
180
182
181
221
182
186
220
183
185
184
185
189
186
188
187
219
188
208
218
189
207
190
206
191
205
192
196
193
195
194
195
199
196
198
197
205
198
202
204
199
201
200
201
245
202
244
203
243
204
212
242
205
211
206
207
211
208
210
209
217
210
214
216
211
213
212
213
241
214
240
215
239
216
234
238
217
233
218
230
219
229
220
226
221
225
222
223
225
224
225
227
226
227
229
228
229
231
230
231
233
232
233
235
234
235
237
236
237
281
238
280
239
279
240
260
241
259
242
258
243
257
244
248
245
247
246
247
251
248
250
249
257
250
254
256
251
253
252
253
273
254
272
255
271
256
264
270
257
263
258
259
263
260
262
261
279
262
266
278
263
265
264
265
269
266
268
267
277
268
274
276
269
270
271
272
273
275
276
288
277
287
278
284
279
283
280
281
283
282
283
285
284
285
287
286
287
289
288
289
)


// ************************************************************************* //
