/*--------------------------------*- C++ -*----------------------------------*\
| =========                 |                                                 |
| \\      /  F ield         | OpenFOAM: The Open Source CFD Toolbox           |
|  \\    /   O peration     | Version:  2306                                  |
|   \\  /    A nd           | Website:  www.openfoam.com                      |
|    \\/     M anipulation  |                                                 |
\*---------------------------------------------------------------------------*/
FoamFile
{
    version     2.0;
    format      ascii;
    arch        "LSB;label=32;scalar=64";
    note        "nPoints:656  nCells:290  nFaces:1197  nInternalFaces:543";
    class       labelList;
    location    "constant/polyMesh";
    object      owner;
}
// * * * * * * * * * * * * * * * * * * * * * * * * * * * * * * * * * * * * * //


1197
(
0
0
1
1
2
2
3
3
4
4
5
5
6
6
7
7
8
8
9
9
10
10
11
11
12
12
13
13
14
14
15
15
16
16
17
17
18
18
19
19
20
20
21
22
22
22
23
23
24
25
25
26
26
27
27
28
28
28
29
30
30
30
31
31
32
33
33
34
34
35
35
36
36
36
37
38
38
38
39
39
40
41
41
42
42
43
43
44
44
44
45
46
46
46
47
47
48
49
49
50
50
51
51
52
52
52
53
54
54
55
56
56
57
58
58
59
59
60
60
61
61
62
62
63
63
64
64
65
65
66
66
67
67
68
68
69
69
70
70
71
71
72
72
73
73
74
74
75
76
76
77
78
78
79
79
80
80
81
81
81
82
82
83
84
84
85
85
86
86
87
87
87
88
88
89
90
90
91
91
92
92
93
93
93
94
94
95
96
96
97
97
98
98
99
99
99
100
100
101
101
102
102
103
103
104
104
105
106
106
107
107
108
108
109
109
109
110
110
111
112
112
113
113
114
114
115
115
115
116
116
117
118
118
119
119
120
120
121
121
121
122
122
123
124
124
125
125
126
126
127
127
127
128
128
129
129
130
130
131
131
132
132
133
134
134
135
135
136
136
137
137
138
139
141
141
141
142
143
143
144
144
145
145
146
146
146
147
147
148
149
149
151
152
152
153
154
154
155
155
156
156
157
157
158
158
159
159
160
160
161
161
162
162
163
163
164
164
165
166
166
167
167
168
168
169
169
169
170
170
171
172
172
173
173
174
174
175
175
175
176
176
177
178
178
179
179
180
180
181
181
181
182
182
183
184
184
185
185
186
186
187
187
187
188
188
189
189
190
190
191
191
192
192
193
194
194
195
195
196
196
197
197
197
198
198
199
200
200
201
201
202
202
203
203
203
204
204
205
206
206
207
207
208
208
209
209
209
210
210
211
212
212
213
213
214
214
215
215
215
216
216
217
217
218
218
219
219
220
220
221
222
222
223
224
224
225
226
226
227
228
228
229
230
230
231
232
232
233
234
234
235
236
236
237
237
238
238
239
239
240
240
241
241
242
242
243
243
244
244
245
246
246
247
247
248
248
249
249
249
250
250
251
252
252
253
253
254
254
255
255
255
256
256
257
258
258
259
259
260
260
261
261
261
262
262
263
264
264
265
265
266
266
267
267
267
268
269
270
271
272
274
275
275
276
276
277
277
278
278
279
280
280
281
282
282
283
284
284
285
286
286
287
288
21
20
19
17
18
16
15
14
13
12
11
10
8
9
7
6
4
5
3
2
1
0
21
20
19
17
18
16
15
14
13
12
11
10
8
9
7
6
4
5
3
2
1
0
57
54
56
52
55
53
51
50
46
47
49
44
48
45
43
42
38
39
41
36
40
37
289
286
288
275
287
276
285
282
284
277
283
278
281
236
280
279
237
238
274
267
268
269
270
271
272
273
154
266
265
261
262
264
255
263
256
260
259
239
240
258
257
241
242
254
253
249
250
252
155
251
156
248
35
247
34
243
30
244
31
246
33
157
28
245
32
158
29
27
26
22
23
25
24
235
232
234
215
233
216
231
228
230
217
229
218
227
224
226
219
225
220
223
58
222
221
59
60
214
213
209
210
212
203
211
204
208
207
187
188
206
205
189
190
202
201
197
198
200
159
199
160
196
195
191
192
194
161
193
162
186
185
181
182
184
175
183
176
180
179
61
62
178
177
63
64
174
173
169
170
172
163
171
164
168
167
65
66
166
165
67
68
153
152
151
146
147
149
150
148
141
145
144
127
128
143
142
129
130
137
138
139
140
136
135
131
132
134
133
126
125
121
122
124
115
123
116
120
119
99
100
118
117
101
102
114
113
109
110
112
111
108
107
103
104
106
105
98
97
93
94
96
87
95
88
92
91
69
70
90
89
71
72
86
85
81
82
84
76
83
77
80
79
73
74
78
75
21
20
19
17
18
16
15
14
13
12
11
10
8
9
7
6
4
5
3
2
1
0
57
54
56
52
55
53
51
50
46
47
49
44
48
45
43
42
38
39
41
36
40
37
289
286
288
275
287
276
285
282
284
277
283
278
281
236
280
279
237
238
274
267
268
269
270
271
272
273
154
266
265
261
262
264
255
263
256
260
259
239
240
258
257
241
242
254
253
249
250
252
155
251
156
35
248
34
247
30
243
31
244
33
246
28
157
32
245
29
158
27
26
22
23
25
24
235
232
234
215
233
216
231
228
230
217
229
218
227
224
226
219
225
220
223
58
222
221
59
60
214
213
209
210
212
203
211
204
208
207
187
188
206
205
189
190
202
201
197
198
200
159
199
160
196
195
191
192
194
161
193
162
186
185
181
182
184
175
183
176
180
179
61
62
178
177
63
64
174
173
169
170
172
163
171
164
168
167
65
66
166
165
67
68
153
152
151
146
147
149
150
148
141
145
144
127
128
143
142
129
130
137
138
139
140
136
135
131
132
134
133
126
125
121
122
124
115
123
116
120
119
99
100
118
117
101
102
114
113
109
110
112
111
108
107
103
104
106
105
98
97
93
94
96
87
95
88
92
91
69
70
90
89
71
72
86
85
81
82
84
76
83
77
80
79
73
74
78
75
21
54
57
58
223
224
227
228
231
232
235
236
281
282
285
286
289
0
140
25
24
75
77
76
112
111
106
76
105
77
78
133
134
140
24
23
22
29
32
31
30
37
40
39
38
45
48
47
46
53
55
54
)


// ************************************************************************* //
