/*--------------------------------*- C++ -*----------------------------------*\
| =========                 |                                                 |
| \\      /  F ield         | OpenFOAM: The Open Source CFD Toolbox           |
|  \\    /   O peration     | Version:  2306                                  |
|   \\  /    A nd           | Website:  www.openfoam.com                      |
|    \\/     M anipulation  |                                                 |
\*---------------------------------------------------------------------------*/
FoamFile
{
    version     2.0;
    format      ascii;
    arch        "LSB;label=32;scalar=64";
    class       vectorField;
    location    "constant/polyMesh";
    object      points;
}
// * * * * * * * * * * * * * * * * * * * * * * * * * * * * * * * * * * * * * //


656
(
(0.0179688 0.00117773 -0.01)
(0.0179688 0.00117773 0)
(0.0189375 0.00126633 -0.01)
(0.0189375 0.00126633 0)
(0.0198988 0.00134254 -0.01)
(0.0198988 0.00134254 0)
(0.0208131 0.00137682 -0.01)
(0.0208131 0.00137682 0)
(0.0179792 0.00201501 -0.01)
(0.0179792 0.00201501 0)
(0.0189678 0.00206722 -0.01)
(0.0189678 0.00206722 0)
(0.0179909 0.00293969 -0.01)
(0.0179909 0.00293969 0)
(0.018991 0.00296181 -0.01)
(0.018991 0.00296181 0)
(0.0199564 0.0021003 -0.01)
(0.0199564 0.0021003 0)
(0.0209466 0.00208676 -0.01)
(0.0209466 0.00208676 0)
(0.0199968 0.00296518 -0.01)
(0.0199968 0.00296518 0)
(0.0210129 0.00293208 -0.01)
(0.0210129 0.00293208 0)
(0.0179984 0.00393856 -0.01)
(0.0179984 0.00393856 0)
(0.0190022 0.00394324 -0.01)
(0.0190022 0.00394324 0)
(0.0180008 0.00496528 -0.01)
(0.0180008 0.00496528 0)
(0.0190038 0.00496435 -0.01)
(0.0190038 0.00496435 0)
(0.0200115 0.00393567 -0.01)
(0.0200115 0.00393567 0)
(0.0210272 0.00391321 -0.01)
(0.0210272 0.00391321 0)
(0.0200098 0.00495724 -0.01)
(0.0200098 0.00495724 0)
(0.0210181 0.0049442 -0.01)
(0.0210181 0.0049442 0)
(0.0180007 0.00598652 -0.01)
(0.0180007 0.00598652 0)
(0.0190022 0.00598525 -0.01)
(0.0190022 0.00598525 0)
(0.0180003 0.00699617 -0.01)
(0.0180003 0.00699617 0)
(0.0190008 0.00699556 -0.01)
(0.0190008 0.00699556 0)
(0.0200047 0.00598142 -0.01)
(0.0200047 0.00598142 0)
(0.021008 0.00597525 -0.01)
(0.021008 0.00597525 0)
(0.0200016 0.00699408 -0.01)
(0.0200016 0.00699408 0)
(0.0210027 0.00699181 -0.01)
(0.0210027 0.00699181 0)
(0.0214874 0.00132838 -0.01)
(0.0214874 0.00132838 0)
(0.0220199 0.00184928 -0.01)
(0.0220199 0.00184928 0)
(0.0232113 0.00196816 -0.01)
(0.0232113 0.00196816 0)
(0.0220603 0.00287209 -0.01)
(0.0220603 0.00287209 0)
(0.0231133 0.00288642 -0.01)
(0.0231133 0.00288642 0)
(0.0241845 0.00205578 -0.01)
(0.0241845 0.00205578 0)
(0.0251229 0.00214566 -0.01)
(0.0251229 0.00214566 0)
(0.0241094 0.0029355 -0.01)
(0.0241094 0.0029355 0)
(0.0250751 0.00299343 -0.01)
(0.0250751 0.00299343 0)
(0.0260529 0.00223603 -0.01)
(0.0260529 0.00223603 0)
(0.0269851 0.00232304 -0.01)
(0.0269851 0.00232304 0)
(0.0260342 0.00305292 -0.01)
(0.0260342 0.00305292 0)
(0.0269969 0.0031067 -0.01)
(0.0269969 0.0031067 0)
(0.0279148 0.00239846 -0.01)
(0.0279148 0.00239846 0)
(0.0288037 0.0024349 -0.01)
(0.0288037 0.0024349 0)
(0.027964 0.00314276 -0.01)
(0.027964 0.00314276 0)
(0.0289318 0.00313493 -0.01)
(0.0289318 0.00313493 0)
(0.0220479 0.00388841 -0.01)
(0.0220479 0.00388841 0)
(0.0230615 0.00388491 -0.01)
(0.0230615 0.00388491 0)
(0.022026 0.00493084 -0.01)
(0.022026 0.00493084 0)
(0.0230292 0.00492484 -0.01)
(0.0230292 0.00492484 0)
(0.0240573 0.00390247 -0.01)
(0.0240573 0.00390247 0)
(0.0250402 0.00393087 -0.01)
(0.0250402 0.00393087 0)
(0.0240261 0.00492833 -0.01)
(0.0240261 0.00492833 0)
(0.0250189 0.00493813 -0.01)
(0.0250189 0.00493813 0)
(0.0220107 0.00596885 -0.01)
(0.0220107 0.00596885 0)
(0.0230115 0.00596492 -0.01)
(0.0230115 0.00596492 0)
(0.0220035 0.00698941 -0.01)
(0.0220035 0.00698941 0)
(0.0230037 0.00698775 -0.01)
(0.0230037 0.00698775 0)
(0.0240102 0.0059646 -0.01)
(0.0240102 0.0059646 0)
(0.0250078 0.00596692 -0.01)
(0.0250078 0.00596692 0)
(0.0240033 0.00698724 -0.01)
(0.0240033 0.00698724 0)
(0.0250027 0.0069876 -0.01)
(0.0250027 0.0069876 0)
(0.0260208 0.00396145 -0.01)
(0.0260208 0.00396145 0)
(0.0270061 0.00398607 -0.01)
(0.0270061 0.00398607 0)
(0.0260119 0.00494917 -0.01)
(0.0260119 0.00494917 0)
(0.0270089 0.0049555 -0.01)
(0.0270089 0.0049555 0)
(0.0279997 0.00399353 -0.01)
(0.0279997 0.00399353 0)
(0.0290045 0.00396688 -0.01)
(0.0290045 0.00396688 0)
(0.0280132 0.00495039 -0.01)
(0.0280132 0.00495039 0)
(0.0290263 0.00493002 -0.01)
(0.0290263 0.00493002 0)
(0.0260059 0.00596952 -0.01)
(0.0260059 0.00596952 0)
(0.0270065 0.00596923 -0.01)
(0.0270065 0.00596923 0)
(0.0260023 0.00698789 -0.01)
(0.0260023 0.00698789 0)
(0.0270031 0.00698679 -0.01)
(0.0270031 0.00698679 0)
(0.0280111 0.00596274 -0.01)
(0.0280111 0.00596274 0)
(0.0290206 0.00594875 -0.01)
(0.0290206 0.00594875 0)
(0.0280056 0.00698285 -0.01)
(0.0280056 0.00698285 0)
(0.0290102 0.0069753 -0.01)
(0.0290102 0.0069753 0)
(0.0180001 0.00799919 -0.01)
(0.0180001 0.00799919 0)
(0.0190002 0.007999 -0.01)
(0.0190002 0.007999 0)
(0.018 0.00899988 -0.01)
(0.018 0.00899988 0)
(0.019 0.00899984 -0.01)
(0.019 0.00899984 0)
(0.0200004 0.00799857 -0.01)
(0.0200004 0.00799857 0)
(0.0210007 0.00799793 -0.01)
(0.0210007 0.00799793 0)
(0.0200001 0.00899974 -0.01)
(0.0200001 0.00899974 0)
(0.0210001 0.00899961 -0.01)
(0.0210001 0.00899961 0)
(0.018 0.00999999 -0.01)
(0.018 0.00999999 0)
(0.019 0.00999998 -0.01)
(0.019 0.00999998 0)
(0.018 0.011 -0.01)
(0.018 0.011 0)
(0.019 0.011 -0.01)
(0.019 0.011 0)
(0.02 0.00999997 -0.01)
(0.02 0.00999997 0)
(0.021 0.00999995 -0.01)
(0.021 0.00999995 0)
(0.02 0.011 -0.01)
(0.02 0.011 0)
(0.021 0.011 -0.01)
(0.021 0.011 0)
(0.018 0.012 -0.01)
(0.018 0.012 0)
(0.019 0.012 -0.01)
(0.019 0.012 0)
(0.018 0.013 -0.01)
(0.018 0.013 0)
(0.019 0.013 -0.01)
(0.019 0.013 0)
(0.02 0.012 -0.01)
(0.02 0.012 0)
(0.021 0.012 -0.01)
(0.021 0.012 0)
(0.02 0.013 -0.01)
(0.02 0.013 0)
(0.021 0.013 -0.01)
(0.021 0.013 0)
(0.018 0.014 -0.01)
(0.018 0.014 0)
(0.019 0.014 -0.01)
(0.019 0.014 0)
(0.018 0.015 -0.01)
(0.018 0.015 0)
(0.019 0.015 -0.01)
(0.019 0.015 0)
(0.02 0.014 -0.01)
(0.02 0.014 0)
(0.021 0.014 -0.01)
(0.021 0.014 0)
(0.02 0.015 -0.01)
(0.02 0.015 0)
(0.021 0.015 -0.01)
(0.021 0.015 0)
(0.0220009 0.00799725 -0.01)
(0.0220009 0.00799725 0)
(0.023001 0.00799675 -0.01)
(0.023001 0.00799675 0)
(0.0220002 0.00899946 -0.01)
(0.0220002 0.00899946 0)
(0.0230002 0.00899935 -0.01)
(0.0230002 0.00899935 0)
(0.0240009 0.00799656 -0.01)
(0.0240009 0.00799656 0)
(0.0250007 0.00799658 -0.01)
(0.0250007 0.00799658 0)
(0.0240002 0.00899931 -0.01)
(0.0240002 0.00899931 0)
(0.0250001 0.0089993 -0.01)
(0.0250001 0.0089993 0)
(0.022 0.00999993 -0.01)
(0.022 0.00999993 0)
(0.023 0.00999991 -0.01)
(0.023 0.00999991 0)
(0.022 0.011 -0.01)
(0.022 0.011 0)
(0.023 0.011 -0.01)
(0.023 0.011 0)
(0.024 0.0099999 -0.01)
(0.024 0.0099999 0)
(0.025 0.0099999 -0.01)
(0.025 0.0099999 0)
(0.024 0.011 -0.01)
(0.024 0.011 0)
(0.025 0.011 -0.01)
(0.025 0.011 0)
(0.0260007 0.00799653 -0.01)
(0.0260007 0.00799653 0)
(0.027001 0.00799594 -0.01)
(0.027001 0.00799594 0)
(0.0260001 0.00899926 -0.01)
(0.0260001 0.00899926 0)
(0.0270002 0.00899907 -0.01)
(0.0270002 0.00899907 0)
(0.028002 0.0079943 -0.01)
(0.028002 0.0079943 0)
(0.0290037 0.00799122 -0.01)
(0.0290037 0.00799122 0)
(0.0280005 0.00899856 -0.01)
(0.0280005 0.00899856 0)
(0.029001 0.0089976 -0.01)
(0.029001 0.0089976 0)
(0.026 0.00999989 -0.01)
(0.026 0.00999989 0)
(0.027 0.00999984 -0.01)
(0.027 0.00999984 0)
(0.026 0.011 -0.01)
(0.026 0.011 0)
(0.027 0.011 -0.01)
(0.027 0.011 0)
(0.0280001 0.00999973 -0.01)
(0.0280001 0.00999973 0)
(0.0290002 0.0099995 -0.01)
(0.0290002 0.0099995 0)
(0.028 0.011 -0.01)
(0.028 0.011 0)
(0.029 0.0109999 -0.01)
(0.029 0.0109999 0)
(0.022 0.012 -0.01)
(0.022 0.012 0)
(0.023 0.012 -0.01)
(0.023 0.012 0)
(0.022 0.013 -0.01)
(0.022 0.013 0)
(0.023 0.013 -0.01)
(0.023 0.013 0)
(0.024 0.012 -0.01)
(0.024 0.012 0)
(0.025 0.012 -0.01)
(0.025 0.012 0)
(0.024 0.013 -0.01)
(0.024 0.013 0)
(0.025 0.013 -0.01)
(0.025 0.013 0)
(0.022 0.014 -0.01)
(0.022 0.014 0)
(0.023 0.014 -0.01)
(0.023 0.014 0)
(0.022 0.015 -0.01)
(0.022 0.015 0)
(0.023 0.015 -0.01)
(0.023 0.015 0)
(0.024 0.014 -0.01)
(0.024 0.014 0)
(0.025 0.014 -0.01)
(0.025 0.014 0)
(0.024 0.015 -0.01)
(0.024 0.015 0)
(0.025 0.015 -0.01)
(0.025 0.015 0)
(0.026 0.012 -0.01)
(0.026 0.012 0)
(0.027 0.012 -0.01)
(0.027 0.012 0)
(0.026 0.013 -0.01)
(0.026 0.013 0)
(0.027 0.013 -0.01)
(0.027 0.013 0)
(0.028 0.012 -0.01)
(0.028 0.012 0)
(0.029 0.012 -0.01)
(0.029 0.012 0)
(0.028 0.013 -0.01)
(0.028 0.013 0)
(0.029 0.013 -0.01)
(0.029 0.013 0)
(0.026 0.014 -0.01)
(0.026 0.014 0)
(0.027 0.014 -0.01)
(0.027 0.014 0)
(0.026 0.015 -0.01)
(0.026 0.015 0)
(0.027 0.015 -0.01)
(0.027 0.015 0)
(0.028 0.014 -0.01)
(0.028 0.014 0)
(0.029 0.014 -0.01)
(0.029 0.014 0)
(0.028 0.015 -0.01)
(0.028 0.015 0)
(0.029 0.015 -0.01)
(0.029 0.015 0)
(0.0294551 0.00239463 -0.01)
(0.0294551 0.00239463 0)
(0.0299702 0.00292419 -0.01)
(0.0299702 0.00292419 0)
(0.0311211 0.00310849 -0.01)
(0.0311211 0.00310849 0)
(0.0320023 0.00320741 -0.01)
(0.0320023 0.00320741 0)
(0.0326346 0.00322078 -0.01)
(0.0326346 0.00322078 0)
(0.0300411 0.00391851 -0.01)
(0.0300411 0.00391851 0)
(0.0310874 0.00394564 -0.01)
(0.0310874 0.00394564 0)
(0.0300491 0.00490417 -0.01)
(0.0300491 0.00490417 0)
(0.0310718 0.00488963 -0.01)
(0.0310718 0.00488963 0)
(0.03207 0.00396461 -0.01)
(0.03207 0.00396461 0)
(0.0331019 0.00379124 -0.01)
(0.0331019 0.00379124 0)
(0.032083 0.00487044 -0.01)
(0.032083 0.00487044 0)
(0.033102 0.00485013 -0.01)
(0.033102 0.00485013 0)
(0.0300336 0.0059299 -0.01)
(0.0300336 0.0059299 0)
(0.0310474 0.00590998 -0.01)
(0.0310474 0.00590998 0)
(0.0300165 0.00696445 -0.01)
(0.0300165 0.00696445 0)
(0.0310238 0.00695125 -0.01)
(0.0310238 0.00695125 0)
(0.0320592 0.00589016 -0.01)
(0.0320592 0.00589016 0)
(0.0330689 0.00587828 -0.01)
(0.0330689 0.00587828 0)
(0.0320308 0.00693725 -0.01)
(0.0320308 0.00693725 0)
(0.0330365 0.0069256 -0.01)
(0.0330365 0.0069256 0)
(0.0342028 0.00402878 -0.01)
(0.0342028 0.00402878 0)
(0.035108 0.00418051 -0.01)
(0.035108 0.00418051 0)
(0.0341191 0.00491091 -0.01)
(0.0341191 0.00491091 0)
(0.0350858 0.00498446 -0.01)
(0.0350858 0.00498446 0)
(0.0359422 0.00428749 -0.01)
(0.0359422 0.00428749 0)
(0.0365578 0.00430288 -0.01)
(0.0365578 0.00430288 0)
(0.0360265 0.00501849 -0.01)
(0.0360265 0.00501849 0)
(0.0370331 0.0048573 -0.01)
(0.0370331 0.0048573 0)
(0.0340736 0.00588699 -0.01)
(0.0340736 0.00588699 0)
(0.0350681 0.00590184 -0.01)
(0.0350681 0.00590184 0)
(0.0340408 0.00691828 -0.01)
(0.0340408 0.00691828 0)
(0.0350452 0.00691081 -0.01)
(0.0350452 0.00691081 0)
(0.036061 0.00589639 -0.01)
(0.036061 0.00589639 0)
(0.0360528 0.00689682 -0.01)
(0.0360528 0.00689682 0)
(0.0300062 0.00798654 -0.01)
(0.0300062 0.00798654 0)
(0.0310093 0.0079804 -0.01)
(0.0310093 0.0079804 0)
(0.0300018 0.00899607 -0.01)
(0.0300018 0.00899607 0)
(0.0310028 0.00899392 -0.01)
(0.0310028 0.00899392 0)
(0.0320124 0.00797329 -0.01)
(0.0320124 0.00797329 0)
(0.0330155 0.00796605 -0.01)
(0.0330155 0.00796605 0)
(0.032004 0.00899123 -0.01)
(0.032004 0.00899123 0)
(0.0330052 0.00898813 -0.01)
(0.0330052 0.00898813 0)
(0.0300004 0.00999911 -0.01)
(0.0300004 0.00999911 0)
(0.0310007 0.00999853 -0.01)
(0.0310007 0.00999853 0)
(0.0300001 0.0109999 -0.01)
(0.0300001 0.0109999 0)
(0.0310001 0.0109997 -0.01)
(0.0310001 0.0109997 0)
(0.032001 0.00999776 -0.01)
(0.032001 0.00999776 0)
(0.0330014 0.00999678 -0.01)
(0.0330014 0.00999678 0)
(0.0320002 0.0109996 -0.01)
(0.0320002 0.0109996 0)
(0.0330003 0.0109993 -0.01)
(0.0330003 0.0109993 0)
(0.0340187 0.00795875 -0.01)
(0.0340187 0.00795875 0)
(0.0350234 0.00794955 -0.01)
(0.0350234 0.00794955 0)
(0.0340069 0.00898439 -0.01)
(0.0340069 0.00898439 0)
(0.0350095 0.00897919 -0.01)
(0.0350095 0.00897919 0)
(0.0360308 0.00793648 -0.01)
(0.0360308 0.00793648 0)
(0.0360135 0.00897156 -0.01)
(0.0360135 0.00897156 0)
(0.034002 0.00999545 -0.01)
(0.034002 0.00999545 0)
(0.035003 0.00999342 -0.01)
(0.035003 0.00999342 0)
(0.0340004 0.010999 -0.01)
(0.0340004 0.010999 0)
(0.0350007 0.0109984 -0.01)
(0.0350007 0.0109984 0)
(0.0360046 0.00999025 -0.01)
(0.0360046 0.00999025 0)
(0.0360012 0.0109974 -0.01)
(0.0360012 0.0109974 0)
(0.037002 0.0109959 -0.01)
(0.037002 0.0109959 0)
(0.03 0.012 -0.01)
(0.03 0.012 0)
(0.031 0.012 -0.01)
(0.031 0.012 0)
(0.03 0.013 -0.01)
(0.03 0.013 0)
(0.031 0.013 -0.01)
(0.031 0.013 0)
(0.032 0.0119999 -0.01)
(0.032 0.0119999 0)
(0.033 0.0119999 -0.01)
(0.033 0.0119999 0)
(0.032 0.013 -0.01)
(0.032 0.013 0)
(0.033 0.013 -0.01)
(0.033 0.013 0)
(0.03 0.014 -0.01)
(0.03 0.014 0)
(0.031 0.014 -0.01)
(0.031 0.014 0)
(0.03 0.015 -0.01)
(0.03 0.015 0)
(0.031 0.015 -0.01)
(0.031 0.015 0)
(0.032 0.014 -0.01)
(0.032 0.014 0)
(0.033 0.014 -0.01)
(0.033 0.014 0)
(0.032 0.015 -0.01)
(0.032 0.015 0)
(0.033 0.015 -0.01)
(0.033 0.015 0)
(0.0340001 0.0119998 -0.01)
(0.0340001 0.0119998 0)
(0.0350001 0.0119997 -0.01)
(0.0350001 0.0119997 0)
(0.034 0.013 -0.01)
(0.034 0.013 0)
(0.035 0.013 -0.01)
(0.035 0.013 0)
(0.0360002 0.0119995 -0.01)
(0.0360002 0.0119995 0)
(0.0370004 0.0119991 -0.01)
(0.0370004 0.0119991 0)
(0.036 0.0129999 -0.01)
(0.036 0.0129999 0)
(0.0370001 0.0129998 -0.01)
(0.0370001 0.0129998 0)
(0.034 0.014 -0.01)
(0.034 0.014 0)
(0.035 0.014 -0.01)
(0.035 0.014 0)
(0.034 0.015 -0.01)
(0.034 0.015 0)
(0.035 0.015 -0.01)
(0.035 0.015 0)
(0.036 0.014 -0.01)
(0.036 0.014 0)
(0.036 0.015 -0.01)
(0.036 0.015 0)
(0.018 0.016 -0.01)
(0.018 0.016 0)
(0.019 0.016 -0.01)
(0.019 0.016 0)
(0.018 0.017 -0.01)
(0.018 0.017 0)
(0.019 0.017 -0.01)
(0.019 0.017 0)
(0.02 0.016 -0.01)
(0.02 0.016 0)
(0.021 0.016 -0.01)
(0.021 0.016 0)
(0.02 0.017 -0.01)
(0.02 0.017 0)
(0.021 0.017 -0.01)
(0.021 0.017 0)
(0.022 0.016 -0.01)
(0.022 0.016 0)
(0.023 0.016 -0.01)
(0.023 0.016 0)
(0.022 0.017 -0.01)
(0.022 0.017 0)
(0.023 0.017 -0.01)
(0.023 0.017 0)
(0.024 0.016 -0.01)
(0.024 0.016 0)
(0.025 0.016 -0.01)
(0.025 0.016 0)
(0.024 0.017 -0.01)
(0.024 0.017 0)
(0.025 0.017 -0.01)
(0.025 0.017 0)
(0.026 0.016 -0.01)
(0.026 0.016 0)
(0.027 0.016 -0.01)
(0.027 0.016 0)
(0.026 0.017 -0.01)
(0.026 0.017 0)
(0.027 0.017 -0.01)
(0.027 0.017 0)
(0.028 0.016 -0.01)
(0.028 0.016 0)
(0.029 0.016 -0.01)
(0.029 0.016 0)
(0.028 0.017 -0.01)
(0.028 0.017 0)
(0.029 0.017 -0.01)
(0.029 0.017 0)
(0.03 0.016 -0.01)
(0.03 0.016 0)
(0.031 0.016 -0.01)
(0.031 0.016 0)
(0.03 0.017 -0.01)
(0.03 0.017 0)
(0.031 0.017 -0.01)
(0.031 0.017 0)
(0.032 0.016 -0.01)
(0.032 0.016 0)
(0.033 0.016 -0.01)
(0.033 0.016 0)
(0.032 0.017 -0.01)
(0.032 0.017 0)
(0.033 0.017 -0.01)
(0.033 0.017 0)
(0.034 0.016 -0.01)
(0.034 0.016 0)
(0.035 0.016 -0.01)
(0.035 0.016 0)
(0.034 0.017 -0.01)
(0.034 0.017 0)
(0.035 0.017 -0.01)
(0.035 0.017 0)
(0.036 0.016 -0.01)
(0.036 0.016 0)
(0.036 0.017 -0.01)
(0.036 0.017 0)
(0.0179675 0.000395467 -0.01)
(0.0179675 0.000395467 0)
(0.0189027 0.000520094 -0.01)
(0.0189027 0.000520094 0)
(0.0198491 0.000646219 -0.01)
(0.0198491 0.000646219 0)
(0.0207287 0.000763444 -0.01)
(0.0207287 0.000763444 0)
(0.0216444 0.00088548 -0.01)
(0.0216444 0.00088548 0)
(0.0224967 0.00099906 -0.01)
(0.0224967 0.00099906 0)
(0.0234038 0.00111995 -0.01)
(0.0234038 0.00111995 0)
(0.0242695 0.00123531 -0.01)
(0.0242695 0.00123531 0)
(0.02518 0.00135666 -0.01)
(0.02518 0.00135666 0)
(0.0260733 0.0014757 -0.01)
(0.0260733 0.0014757 0)
(0.0269724 0.00159552 -0.01)
(0.0269724 0.00159552 0)
(0.0278722 0.00171544 -0.01)
(0.0278722 0.00171544 0)
(0.0287327 0.00183011 -0.01)
(0.0287327 0.00183011 0)
(0.0296129 0.00194741 -0.01)
(0.0296129 0.00194741 0)
(0.0304171 0.00211634 -0.01)
(0.0304171 0.00211634 0)
(0.0312478 0.00234997 -0.01)
(0.0312478 0.00234997 0)
(0.0320073 0.00256361 -0.01)
(0.0320073 0.00256361 0)
(0.0328204 0.00279233 -0.01)
(0.0328204 0.00279233 0)
(0.0335794 0.00300582 -0.01)
(0.0335794 0.00300582 0)
(0.034377 0.00323018 -0.01)
(0.034377 0.00323018 0)
(0.0351545 0.00344887 -0.01)
(0.0351545 0.00344887 0)
(0.0359307 0.00366719 -0.01)
(0.0359307 0.00366719 0)
(0.0367274 0.0038913 -0.01)
(0.0367274 0.0038913 0)
)


// ************************************************************************* //
