/*--------------------------------*- C++ -*----------------------------------*\
| =========                 |                                                 |
| \\      /  F ield         | OpenFOAM: The Open Source CFD Toolbox           |
|  \\    /   O peration     | Version:  2306                                  |
|   \\  /    A nd           | Website:  www.openfoam.com                      |
|    \\/     M anipulation  |                                                 |
\*---------------------------------------------------------------------------*/
FoamFile
{
    version     2.0;
    format      ascii;
    arch        "LSB;label=32;scalar=64";
    class       labelList;
    location    "constant/polyMesh";
    object      faceProcAddressing;
}
// * * * * * * * * * * * * * * * * * * * * * * * * * * * * * * * * * * * * * //


1259
(
1
2
3
4
5
6
7
8
9
10
11
12
13
14
15
16
17
18
19
20
21
22
23
24
25
26
27
28
29
30
31
32
33
34
35
36
38
602
603
604
605
606
607
608
609
610
611
612
613
614
615
616
617
618
619
620
621
622
623
624
625
626
627
628
629
630
631
632
633
634
635
636
637
638
639
640
641
642
643
644
645
646
647
648
649
650
651
652
653
654
655
656
657
658
659
660
661
662
663
664
665
666
667
668
669
670
671
672
673
674
675
676
678
679
2736
2737
2745
2746
2747
2748
2749
2751
2759
2760
2761
2762
2763
2764
2765
2766
2767
2768
2769
2770
2771
2772
2773
2775
2961
2962
2963
2964
2965
2966
2967
2968
2969
2970
2971
2972
2973
2974
2975
2977
2985
2986
2987
2988
2989
2990
2991
2992
2993
2994
2995
2996
2997
2998
2999
3001
3016
3017
3018
3019
3020
3021
3022
3023
3024
3025
3026
3027
3028
3029
3030
3031
3032
3033
3034
3035
3036
3037
3038
3039
3040
3041
3042
3043
3044
3045
3047
3585
3586
3588
3589
3597
3598
3599
3600
3601
3602
3603
3604
3605
3606
3607
3608
3609
3610
3611
3612
3613
3614
3615
3616
3617
3618
3619
3620
3621
3622
3623
3624
3625
3626
3627
3628
3629
3630
3631
3633
3641
3642
3644
3645
3653
3654
3655
3656
3657
3658
3659
3660
3661
3662
3663
3664
3665
3666
3667
3668
3669
3670
3671
3672
3673
3674
3675
3676
3677
3678
3679
3680
3681
3682
3683
3684
3685
3686
3687
3689
3773
3774
3776
3777
3785
3786
3787
3788
3789
3790
3791
3792
3793
3794
3795
3796
3797
3798
3799
3800
3801
3802
3803
3804
3805
3806
3807
3808
3809
3810
3811
3812
3813
3814
3815
3816
3817
3818
3819
3821
3827
3828
3829
3830
3831
3832
3833
3834
3835
3836
3837
3838
3839
3840
3841
3842
3843
3844
3845
3846
3847
3848
3849
3850
3851
3852
3853
3854
3855
3856
3857
3858
3859
3860
3861
3862
3863
3864
3865
3866
3867
3868
3869
3870
3871
3872
3873
3874
3875
3876
3877
3878
3879
3880
3881
3882
3883
3884
3885
3886
3887
3888
3889
3890
3891
3892
3893
3894
3895
3896
3897
3898
3899
3900
3901
3902
3903
3904
3905
3906
3907
3908
3909
3910
3911
3912
3913
3914
3915
3916
3917
3918
3919
3920
3921
3922
3923
3924
3925
3926
3927
3928
3929
3930
3931
3932
3933
3934
3935
3936
3937
3938
3939
3940
3941
3942
3943
3944
3945
3946
3947
3948
3949
3950
3951
3952
3953
3954
3955
3956
3957
3958
3959
3960
3961
3962
3963
3964
3965
3966
3967
3968
3969
3970
3971
3972
3973
3974
3975
3976
3977
3978
3979
3980
3981
3982
3983
3984
3985
3986
3987
3988
3989
3990
3991
3992
3993
3994
3995
3996
3997
3998
3999
4000
4001
4002
4003
4004
4005
4006
4007
4008
4009
4010
4011
4012
4013
4014
4015
4016
4017
4018
4019
4020
4021
4022
4023
4024
4025
4026
4027
4028
4029
4030
4031
4032
4033
4034
4035
4036
4037
4038
4039
4040
4041
4042
4043
4044
4045
4046
4047
4048
4049
4050
4051
4052
4053
4054
4055
4056
4057
4058
4059
4060
4061
4062
4063
4064
4065
4066
4067
4068
4081
4082
4083
4084
4085
4086
4087
4088
4089
4090
4091
4092
4093
4094
4095
4096
4097
4098
4099
4100
4101
4102
4103
4104
4105
4106
4107
4108
4109
4110
4111
4114
4115
4116
4117
4118
4119
4120
4121
4122
4123
4124
4125
4126
4127
4138
4333
4334
4335
4419
4420
4421
4422
4423
4424
4425
4426
4427
4428
4429
4430
4431
4432
4433
4434
4437
4438
4439
4440
4441
4442
4443
4444
4445
4446
4447
4448
4449
4450
4646
4647
4648
4732
4734
4737
4739
4742
4745
4747
4750
4752
4754
4757
4759
4761
4763
4765
4767
4769
4771
4774
4776
4778
4780
4782
4784
4786
4789
4791
4793
4795
4798
4800
4802
4804
4807
4809
4811
4814
4817
4819
4822
4824
4826
4829
4831
4833
4836
4837
4838
4839
4840
4841
4842
4843
4844
4845
4846
4847
4848
4849
4850
4851
4852
4854
4856
4858
4860
4862
4864
4866
4868
4869
4870
4872
4873
4874
4876
4878
4880
4882
4884
4886
4888
4890
4892
4895
4897
4899
4901
4903
4905
4907
4909
4912
4914
4916
4918
4920
4922
4924
4926
4929
4931
4933
4935
4937
4939
4941
4943
4946
4948
4950
4952
4954
4956
4958
4960
4962
4964
4966
4968
4970
4972
4974
4976
4978
4980
4982
4984
4986
4988
4990
4992
4994
4996
4998
5000
5002
5004
5006
5008
5010
5012
5014
5016
5018
5020
5022
5024
5026
5028
5030
5032
5034
5036
5038
5040
5042
5044
5046
5048
5050
5052
5054
5056
5058
5060
5062
5064
5066
5068
5070
5072
5074
5076
5078
5080
5082
5084
5086
5089
5091
5093
5095
5098
5100
5102
5104
5109
5122
5124
5126
5128
5130
5132
5134
5136
5138
5140
5142
5144
5146
5148
5150
5152
5155
5159
5173
5178
5280
5282
5284
5286
5288
5290
5292
5294
5296
5298
5300
5302
5304
5306
5308
5310
5312
5316
5328
5332
5344
5346
5348
5350
5352
5354
5356
5358
5360
5362
5364
5366
5368
5370
5372
5374
5376
5380
5392
5396
6299
6301
6304
6306
6308
6310
6312
6314
6371
6373
6375
6377
6379
6381
6383
6385
6403
6405
6407
6410
6413
6416
6419
6421
6541
6547
6548
6549
6550
6551
6552
6553
6554
6555
6556
6557
6558
6559
6560
6561
6562
6565
6566
6567
6568
6569
6570
6571
6572
6573
6574
6575
6576
6577
6578
6774
6775
6776
6861
6864
6866
6868
6872
6874
6877
6879
6882
6884
6886
6888
6890
6892
6894
6896
6899
6901
6903
6905
6907
6909
6911
6913
6916
6918
6920
6922
6925
6927
6929
6931
6934
6936
6938
6940
6944
6946
6949
6951
6953
6956
6958
6960
6963
6965
6966
6967
6968
6969
6970
6971
6972
6973
6974
6975
6976
6977
6978
6979
6980
6981
6983
6985
6987
6989
6991
6993
6995
6997
6998
6999
7001
7002
7003
7005
7007
7009
7011
7013
7015
7017
7020
7022
7024
7026
7028
7030
7032
7034
7037
7039
7041
7043
7045
7047
7049
7051
7054
7056
7058
7060
7062
7064
7066
7068
7071
7073
7075
7077
7079
7081
7083
7085
7087
7089
7091
7093
7095
7097
7099
7101
7103
7105
7107
7109
7111
7113
7115
7117
7119
7121
7123
7125
7127
7129
7131
7133
7135
7137
7139
7141
7143
7145
7147
7149
7151
7153
7155
7157
7159
7161
7163
7165
7167
7169
7171
7173
7175
7177
7179
7181
7183
7185
7187
7189
7191
7193
7195
7197
7199
7201
7203
7205
7207
7209
7211
7213
7216
7218
7220
7222
7225
7227
7229
7231
7234
7238
7251
7253
7255
7257
7259
7261
7263
7265
7267
7269
7271
7273
7275
7277
7279
7282
7284
7289
7303
7307
7410
7412
7414
7416
7418
7420
7422
7424
7426
7428
7430
7432
7434
7436
7438
7440
7442
7446
7458
7462
7474
7476
7478
7480
7482
7484
7486
7488
7490
7492
7494
7496
7498
7500
7502
7504
7506
7510
7522
7526
8429
8431
8433
8435
8437
8439
8441
8443
8500
8502
8504
8506
8508
8510
8512
8514
8532
8534
8537
8540
8543
8546
8548
8550
8669
-600
2735
-2743
3046
-3583
3587
-3595
3632
-3639
3643
-3651
3688
-3771
3775
-3783
3820
-3826
37
677
-2733
2750
-2754
-2756
-2757
2774
-2956
-2958
-2959
2976
-2980
-2982
-2983
3000
-3015
-4080
)


// ************************************************************************* //
