/*--------------------------------*- C++ -*----------------------------------*\
| =========                 |                                                 |
| \\      /  F ield         | OpenFOAM: The Open Source CFD Toolbox           |
|  \\    /   O peration     | Version:  2306                                  |
|   \\  /    A nd           | Website:  www.openfoam.com                      |
|    \\/     M anipulation  |                                                 |
\*---------------------------------------------------------------------------*/
FoamFile
{
    version     2.0;
    format      ascii;
    arch        "LSB;label=32;scalar=64";
    class       faceList;
    location    "constant/polyMesh";
    object      faces;
}
// * * * * * * * * * * * * * * * * * * * * * * * * * * * * * * * * * * * * * //


1259
(
4(0 6 7 2)
4(0 2 3 1)
4(6 14 15 7)
4(1 3 15 14)
4(2 0 648 650)
4(6 7 615 614)
4(0 612 613 2)
4(3 1 649 651)
4(5 4 652 653)
4(1 4 5 3)
4(31 30 654 655)
4(4 30 31 5)
4(33 32 656 657)
4(30 32 33 31)
4(35 34 658 659)
4(32 34 35 33)
4(37 36 660 661)
4(34 36 37 35)
4(183 182 662 663)
4(36 182 183 37)
4(185 184 664 665)
4(182 184 185 183)
4(187 186 666 667)
4(184 186 187 185)
4(189 188 668 669)
4(186 188 189 187)
4(223 222 670 671)
4(188 222 223 189)
4(225 224 672 673)
4(222 224 225 223)
4(227 226 674 675)
4(224 226 227 225)
4(229 228 676 677)
4(226 228 229 227)
4(541 540 678 679)
4(228 540 541 229)
4(540 542 543 541)
4(396 644 645 397)
4(396 397 415 414)
4(394 642 643 395)
4(394 395 397 396)
4(392 640 641 393)
4(392 393 395 394)
4(390 638 639 391)
4(390 391 393 392)
4(100 636 637 101)
4(100 101 391 390)
4(98 634 635 99)
4(98 99 101 100)
4(96 632 633 97)
4(96 97 99 98)
4(94 630 631 95)
4(94 95 97 96)
4(76 628 629 77)
4(76 77 95 94)
4(74 626 627 75)
4(74 75 77 76)
4(72 624 625 73)
4(72 73 75 74)
4(70 622 623 71)
4(70 71 73 72)
4(12 620 621 13)
4(12 13 71 70)
4(10 618 619 11)
4(10 11 13 12)
4(8 616 617 9)
4(8 9 11 10)
4(6 7 9 8)
4(14 15 17 16)
4(8 16 17 9)
4(18 19 21 20)
4(16 20 21 17)
4(14 15 19 18)
4(38 39 41 40)
4(20 40 41 21)
4(18 19 39 38)
4(42 43 45 44)
4(40 44 45 41)
4(38 39 43 42)
4(54 55 57 56)
4(44 56 57 45)
4(42 43 55 54)
4(58 59 61 60)
4(56 60 61 57)
4(54 55 59 58)
4(190 191 193 192)
4(60 192 193 61)
4(58 59 191 190)
4(194 195 197 196)
4(192 196 197 193)
4(190 191 195 194)
4(206 207 209 208)
4(196 208 209 197)
4(194 195 207 206)
4(210 211 213 212)
4(208 212 213 209)
4(206 207 211 210)
4(230 231 233 232)
4(212 232 233 213)
4(210 211 231 230)
4(234 235 237 236)
4(232 236 237 233)
4(230 231 235 234)
4(246 247 249 248)
4(236 248 249 237)
4(234 235 247 246)
4(250 251 253 252)
4(248 252 253 249)
4(246 247 251 250)
4(544 545 547 546)
4(252 546 547 253)
4(250 251 545 544)
4(546 550 551 547)
4(544 545 549 548)
4(602 608 609 603)
4(602 603 607 606)
4(530 531 603 602)
4(530 538 539 531)
4(600 601 603 602)
4(528 529 601 600)
4(528 530 531 529)
4(600 601 605 604)
4(592 596 597 593)
4(586 592 593 587)
4(586 587 591 590)
4(594 598 599 595)
4(592 594 595 593)
4(594 600 601 595)
4(522 523 595 594)
4(522 528 529 523)
4(520 521 593 592)
4(520 522 523 521)
4(388 389 587 586)
4(388 520 521 389)
4(584 585 587 586)
4(386 387 585 584)
4(386 388 389 387)
4(584 585 589 588)
4(576 580 581 577)
4(570 576 577 571)
4(570 571 575 574)
4(578 582 583 579)
4(576 578 579 577)
4(578 584 585 579)
4(380 381 579 578)
4(380 386 387 381)
4(378 379 577 576)
4(378 380 381 379)
4(356 357 571 570)
4(356 378 379 357)
4(568 569 571 570)
4(354 355 569 568)
4(354 356 357 355)
4(568 569 573 572)
4(560 564 565 561)
4(554 560 561 555)
4(554 555 559 558)
4(562 566 567 563)
4(560 562 563 561)
4(562 568 569 563)
4(348 349 563 562)
4(348 354 355 349)
4(346 347 561 560)
4(346 348 349 347)
4(260 261 555 554)
4(260 346 347 261)
4(552 553 555 554)
4(258 259 553 552)
4(258 260 261 259)
4(552 553 557 556)
4(546 552 553 547)
4(252 258 259 253)
4(254 258 259 255)
4(248 254 255 249)
4(256 260 261 257)
4(254 256 257 255)
4(342 346 347 343)
4(256 342 343 257)
4(344 348 349 345)
4(342 344 345 343)
4(350 354 355 351)
4(344 350 351 345)
4(352 356 357 353)
4(350 352 353 351)
4(374 378 379 375)
4(352 374 375 353)
4(376 380 381 377)
4(374 376 377 375)
4(382 386 387 383)
4(376 382 383 377)
4(384 388 389 385)
4(382 384 385 383)
4(516 520 521 517)
4(384 516 517 385)
4(518 522 523 519)
4(516 518 519 517)
4(524 528 529 525)
4(518 524 525 519)
4(526 530 531 527)
4(524 526 527 525)
4(526 536 537 527)
4(514 534 535 515)
4(514 515 527 526)
4(510 532 533 511)
4(510 511 515 514)
4(490 491 511 510)
4(490 498 499 491)
4(508 509 511 510)
4(488 489 509 508)
4(488 490 491 489)
4(512 513 515 514)
4(508 509 513 512)
4(512 513 525 524)
4(506 507 519 518)
4(506 512 513 507)
4(504 505 517 516)
4(504 506 507 505)
4(372 504 505 373)
4(372 373 385 384)
4(500 504 505 501)
4(368 500 501 369)
4(368 369 373 372)
4(502 506 507 503)
4(500 502 503 501)
4(502 508 509 503)
4(482 483 503 502)
4(482 488 489 483)
4(480 481 501 500)
4(480 482 483 481)
4(324 480 481 325)
4(324 325 369 368)
4(476 480 481 477)
4(320 476 477 321)
4(320 321 325 324)
4(478 482 483 479)
4(476 478 479 477)
4(484 488 489 485)
4(478 484 485 479)
4(486 490 491 487)
4(484 486 487 485)
4(486 496 497 487)
4(474 494 495 475)
4(474 475 487 486)
4(470 492 493 471)
4(470 471 475 474)
4(450 451 471 470)
4(450 458 459 451)
4(468 469 471 470)
4(448 449 469 468)
4(448 450 451 449)
4(472 473 475 474)
4(468 469 473 472)
4(472 473 485 484)
4(466 467 479 478)
4(466 472 473 467)
4(464 465 477 476)
4(464 466 467 465)
4(308 464 465 309)
4(308 309 321 320)
4(460 464 465 461)
4(304 460 461 305)
4(304 305 309 308)
4(462 466 467 463)
4(460 462 463 461)
4(462 468 469 463)
4(442 443 463 462)
4(442 448 449 443)
4(440 441 461 460)
4(440 442 443 441)
4(180 440 441 181)
4(180 181 305 304)
4(436 440 441 437)
4(176 436 437 177)
4(176 177 181 180)
4(438 442 443 439)
4(436 438 439 437)
4(444 448 449 445)
4(438 444 445 439)
4(446 450 451 447)
4(444 446 447 445)
4(446 456 457 447)
4(434 454 455 435)
4(434 435 447 446)
4(430 452 453 431)
4(430 431 435 434)
4(412 413 431 430)
4(412 418 419 413)
4(428 429 431 430)
4(410 411 429 428)
4(410 412 413 411)
4(432 433 435 434)
4(428 429 433 432)
4(432 433 445 444)
4(426 427 439 438)
4(426 432 433 427)
4(424 425 437 436)
4(424 426 427 425)
4(164 424 425 165)
4(164 165 177 176)
4(420 424 425 421)
4(160 420 421 161)
4(160 161 165 164)
4(422 426 427 423)
4(420 422 423 421)
4(422 428 429 423)
4(404 405 423 422)
4(404 410 411 405)
4(402 403 421 420)
4(402 404 405 403)
4(116 402 403 117)
4(116 117 161 160)
4(398 402 403 399)
4(112 398 399 113)
4(112 113 117 116)
4(400 404 405 401)
4(398 400 401 399)
4(406 410 411 407)
4(400 406 407 401)
4(408 412 413 409)
4(406 408 409 407)
4(408 416 417 409)
4(396 397 409 408)
4(394 395 407 406)
4(392 393 401 400)
4(390 391 399 398)
4(100 101 113 112)
4(110 111 113 112)
4(98 99 111 110)
4(114 115 117 116)
4(110 111 115 114)
4(158 159 161 160)
4(114 115 159 158)
4(162 163 165 164)
4(158 159 163 162)
4(174 175 177 176)
4(162 163 175 174)
4(178 179 181 180)
4(174 175 179 178)
4(302 303 305 304)
4(178 179 303 302)
4(306 307 309 308)
4(302 303 307 306)
4(318 319 321 320)
4(306 307 319 318)
4(322 323 325 324)
4(318 319 323 322)
4(366 367 369 368)
4(322 323 367 366)
4(370 371 373 372)
4(366 367 371 370)
4(370 371 383 382)
4(364 365 377 376)
4(364 370 371 365)
4(362 363 375 374)
4(362 364 365 363)
4(340 362 363 341)
4(340 341 353 352)
4(358 362 363 359)
4(336 358 359 337)
4(336 337 341 340)
4(360 364 365 361)
4(358 360 361 359)
4(360 366 367 361)
4(316 317 361 360)
4(316 322 323 317)
4(314 315 359 358)
4(314 316 317 315)
4(292 293 337 336)
4(292 314 315 293)
4(334 335 337 336)
4(290 291 335 334)
4(290 292 293 291)
4(338 339 341 340)
4(334 335 339 338)
4(338 339 351 350)
4(332 333 345 344)
4(332 338 339 333)
4(330 331 343 342)
4(330 332 333 331)
4(244 330 331 245)
4(244 245 257 256)
4(326 330 331 327)
4(240 326 327 241)
4(240 241 245 244)
4(328 332 333 329)
4(326 328 329 327)
4(328 334 335 329)
4(284 285 329 328)
4(284 290 291 285)
4(282 283 327 326)
4(282 284 285 283)
4(220 282 283 221)
4(220 221 241 240)
4(278 282 283 279)
4(216 278 279 217)
4(216 217 221 220)
4(280 284 285 281)
4(278 280 281 279)
4(286 290 291 287)
4(280 286 287 281)
4(288 292 293 289)
4(286 288 289 287)
4(310 314 315 311)
4(288 310 311 289)
4(312 316 317 313)
4(310 312 313 311)
4(312 318 319 313)
4(300 301 313 312)
4(300 306 307 301)
4(298 299 311 310)
4(298 300 301 299)
4(276 298 299 277)
4(276 277 289 288)
4(294 298 299 295)
4(272 294 295 273)
4(272 273 277 276)
4(296 300 301 297)
4(294 296 297 295)
4(296 302 303 297)
4(172 173 297 296)
4(172 178 179 173)
4(170 171 295 294)
4(170 172 173 171)
4(148 149 273 272)
4(148 170 171 149)
4(270 271 273 272)
4(146 147 271 270)
4(146 148 149 147)
4(274 275 277 276)
4(270 271 275 274)
4(274 275 287 286)
4(268 269 281 280)
4(268 274 275 269)
4(266 267 279 278)
4(266 268 269 267)
4(204 266 267 205)
4(204 205 217 216)
4(262 266 267 263)
4(200 262 263 201)
4(200 201 205 204)
4(264 268 269 265)
4(262 264 265 263)
4(264 270 271 265)
4(140 141 265 264)
4(140 146 147 141)
4(138 139 263 262)
4(138 140 141 139)
4(68 69 201 200)
4(68 138 139 69)
4(198 199 201 200)
4(66 67 199 198)
4(66 68 69 67)
4(202 203 205 204)
4(198 199 203 202)
4(214 215 217 216)
4(202 203 215 214)
4(218 219 221 220)
4(214 215 219 218)
4(238 239 241 240)
4(218 219 239 238)
4(242 243 245 244)
4(238 239 243 242)
4(242 243 255 254)
4(236 242 243 237)
4(232 238 239 233)
4(212 218 219 213)
4(208 214 215 209)
4(196 202 203 197)
4(192 198 199 193)
4(60 66 67 61)
4(62 66 67 63)
4(56 62 63 57)
4(64 68 69 65)
4(62 64 65 63)
4(134 138 139 135)
4(64 134 135 65)
4(136 140 141 137)
4(134 136 137 135)
4(142 146 147 143)
4(136 142 143 137)
4(144 148 149 145)
4(142 144 145 143)
4(166 170 171 167)
4(144 166 167 145)
4(168 172 173 169)
4(166 168 169 167)
4(168 174 175 169)
4(156 157 169 168)
4(156 162 163 157)
4(154 155 167 166)
4(154 156 157 155)
4(132 154 155 133)
4(132 133 145 144)
4(150 154 155 151)
4(128 150 151 129)
4(128 129 133 132)
4(152 156 157 153)
4(150 152 153 151)
4(152 158 159 153)
4(108 109 153 152)
4(108 114 115 109)
4(106 107 151 150)
4(106 108 109 107)
4(92 93 129 128)
4(92 106 107 93)
4(126 127 129 128)
4(90 91 127 126)
4(90 92 93 91)
4(130 131 133 132)
4(126 127 131 130)
4(130 131 143 142)
4(124 125 137 136)
4(124 130 131 125)
4(122 123 135 134)
4(122 124 125 123)
4(52 122 123 53)
4(52 53 65 64)
4(118 122 123 119)
4(48 118 119 49)
4(48 49 53 52)
4(120 124 125 121)
4(118 120 121 119)
4(120 126 127 121)
4(84 85 121 120)
4(84 90 91 85)
4(82 83 119 118)
4(82 84 85 83)
4(28 82 83 29)
4(28 29 49 48)
4(78 82 83 79)
4(24 78 79 25)
4(24 25 29 28)
4(80 84 85 81)
4(78 80 81 79)
4(86 90 91 87)
4(80 86 87 81)
4(88 92 93 89)
4(86 88 89 87)
4(102 106 107 103)
4(88 102 103 89)
4(104 108 109 105)
4(102 104 105 103)
4(104 110 111 105)
4(96 97 105 104)
4(94 95 103 102)
4(76 77 89 88)
4(74 75 87 86)
4(72 73 81 80)
4(70 71 79 78)
4(12 13 25 24)
4(22 23 25 24)
4(10 11 23 22)
4(26 27 29 28)
4(22 23 27 26)
4(46 47 49 48)
4(26 27 47 46)
4(50 51 53 52)
4(46 47 51 50)
4(50 51 63 62)
4(44 50 51 45)
4(40 46 47 41)
4(20 26 27 21)
4(16 22 23 17)
4(540 544 545 541)
4(228 250 251 229)
4(226 246 247 227)
4(224 234 235 225)
4(222 230 231 223)
4(188 210 211 189)
4(186 206 207 187)
4(184 194 195 185)
4(182 190 191 183)
4(36 58 59 37)
4(34 54 55 35)
4(32 42 43 33)
4(30 38 39 31)
4(4 18 19 5)
4(648 614 615 650)
4(614 616 617 615)
4(616 618 619 617)
4(618 620 621 619)
4(620 622 623 621)
4(622 624 625 623)
4(624 626 627 625)
4(626 628 629 627)
4(628 630 631 629)
4(630 632 633 631)
4(632 634 635 633)
4(634 636 637 635)
4(636 638 639 637)
4(638 640 641 639)
4(650 683 682 648)
4(612 613 651 649)
4(649 651 653 652)
4(652 653 655 654)
4(654 655 657 656)
4(656 657 659 658)
4(658 659 661 660)
4(660 661 663 662)
4(662 663 665 664)
4(664 665 667 666)
4(666 667 669 668)
4(668 669 671 670)
4(670 671 673 672)
4(672 673 675 674)
4(674 675 677 676)
4(676 677 679 678)
4(678 679 681 680)
4(612 682 683 613)
4(640 642 643 641)
4(642 644 645 643)
4(644 646 647 645)
4(0 6 614 648)
4(6 8 616 614)
4(8 10 618 616)
4(10 12 620 618)
4(12 70 622 620)
4(70 72 624 622)
4(72 74 626 624)
4(74 76 628 626)
4(76 94 630 628)
4(94 96 632 630)
4(96 98 634 632)
4(98 100 636 634)
4(100 390 638 636)
4(390 392 640 638)
4(1 0 612 649)
4(4 1 649 652)
4(30 4 652 654)
4(32 30 654 656)
4(34 32 656 658)
4(36 34 658 660)
4(182 36 660 662)
4(184 182 662 664)
4(186 184 664 666)
4(188 186 666 668)
4(222 188 668 670)
4(224 222 670 672)
4(226 224 672 674)
4(228 226 674 676)
4(540 228 676 678)
4(542 540 678 680)
4(392 394 642 640)
4(394 396 644 642)
4(396 414 646 644)
4(0 1 14 6)
4(6 14 16 8)
4(1 4 18 14)
4(14 18 20 16)
4(8 16 22 10)
4(10 22 24 12)
4(16 20 26 22)
4(22 26 28 24)
4(4 30 38 18)
4(18 38 40 20)
4(30 32 42 38)
4(38 42 44 40)
4(20 40 46 26)
4(26 46 48 28)
4(40 44 50 46)
4(46 50 52 48)
4(32 34 54 42)
4(42 54 56 44)
4(34 36 58 54)
4(54 58 60 56)
4(44 56 62 50)
4(50 62 64 52)
4(56 60 66 62)
4(62 66 68 64)
4(12 24 78 70)
4(70 78 80 72)
4(24 28 82 78)
4(78 82 84 80)
4(72 80 86 74)
4(74 86 88 76)
4(80 84 90 86)
4(86 90 92 88)
4(76 88 102 94)
4(94 102 104 96)
4(88 92 106 102)
4(102 106 108 104)
4(96 104 110 98)
4(98 110 112 100)
4(104 108 114 110)
4(110 114 116 112)
4(28 48 118 82)
4(82 118 120 84)
4(48 52 122 118)
4(118 122 124 120)
4(84 120 126 90)
4(90 126 128 92)
4(388 586 592 520)
4(120 124 130 126)
4(520 592 594 522)
4(126 130 132 128)
4(586 590 596 592)
4(52 64 134 122)
4(592 596 598 594)
4(122 134 136 124)
4(522 594 600 528)
4(64 68 138 134)
4(528 600 602 530)
4(134 138 140 136)
4(594 598 604 600)
4(124 136 142 130)
4(600 604 606 602)
4(130 142 144 132)
4(136 140 146 142)
4(142 146 148 144)
4(92 128 150 106)
4(106 150 152 108)
4(128 132 154 150)
4(150 154 156 152)
4(108 152 158 114)
4(114 158 160 116)
4(530 602 608 538)
4(152 156 162 158)
4(158 162 164 160)
4(602 606 610 608)
4(132 144 166 154)
4(154 166 168 156)
4(144 148 170 166)
4(166 170 172 168)
4(156 168 174 162)
4(162 174 176 164)
4(168 172 178 174)
4(174 178 180 176)
4(36 182 190 58)
4(58 190 192 60)
4(182 184 194 190)
4(190 194 196 192)
4(60 192 198 66)
4(66 198 200 68)
4(192 196 202 198)
4(198 202 204 200)
4(184 186 206 194)
4(194 206 208 196)
4(186 188 210 206)
4(206 210 212 208)
4(196 208 214 202)
4(202 214 216 204)
4(208 212 218 214)
4(214 218 220 216)
4(188 222 230 210)
4(210 230 232 212)
4(222 224 234 230)
4(230 234 236 232)
4(212 232 238 218)
4(218 238 240 220)
4(232 236 242 238)
4(238 242 244 240)
4(224 226 246 234)
4(234 246 248 236)
4(226 228 250 246)
4(246 250 252 248)
4(236 248 254 242)
4(242 254 256 244)
4(248 252 258 254)
4(254 258 260 256)
4(68 200 262 138)
4(138 262 264 140)
4(200 204 266 262)
4(262 266 268 264)
4(140 264 270 146)
4(146 270 272 148)
4(264 268 274 270)
4(270 274 276 272)
4(204 216 278 266)
4(266 278 280 268)
4(216 220 282 278)
4(278 282 284 280)
4(268 280 286 274)
4(274 286 288 276)
4(280 284 290 286)
4(286 290 292 288)
4(148 272 294 170)
4(170 294 296 172)
4(272 276 298 294)
4(294 298 300 296)
4(172 296 302 178)
4(178 302 304 180)
4(296 300 306 302)
4(302 306 308 304)
4(276 288 310 298)
4(298 310 312 300)
4(288 292 314 310)
4(310 314 316 312)
4(300 312 318 306)
4(306 318 320 308)
4(312 316 322 318)
4(318 322 324 320)
4(220 240 326 282)
4(282 326 328 284)
4(240 244 330 326)
4(326 330 332 328)
4(284 328 334 290)
4(290 334 336 292)
4(328 332 338 334)
4(334 338 340 336)
4(244 256 342 330)
4(330 342 344 332)
4(256 260 346 342)
4(342 346 348 344)
4(332 344 350 338)
4(338 350 352 340)
4(344 348 354 350)
4(350 354 356 352)
4(292 336 358 314)
4(314 358 360 316)
4(336 340 362 358)
4(358 362 364 360)
4(316 360 366 322)
4(322 366 368 324)
4(360 364 370 366)
4(366 370 372 368)
4(340 352 374 362)
4(362 374 376 364)
4(352 356 378 374)
4(374 378 380 376)
4(364 376 382 370)
4(370 382 384 372)
4(376 380 386 382)
4(382 386 388 384)
4(100 112 398 390)
4(390 398 400 392)
4(112 116 402 398)
4(398 402 404 400)
4(392 400 406 394)
4(394 406 408 396)
4(400 404 410 406)
4(406 410 412 408)
4(396 408 416 414)
4(408 412 418 416)
4(116 160 420 402)
4(402 420 422 404)
4(160 164 424 420)
4(420 424 426 422)
4(404 422 428 410)
4(410 428 430 412)
4(422 426 432 428)
4(428 432 434 430)
4(164 176 436 424)
4(424 436 438 426)
4(176 180 440 436)
4(436 440 442 438)
4(426 438 444 432)
4(432 444 446 434)
4(438 442 448 444)
4(444 448 450 446)
4(412 430 452 418)
4(430 434 454 452)
4(434 446 456 454)
4(446 450 458 456)
4(180 304 460 440)
4(440 460 462 442)
4(304 308 464 460)
4(460 464 466 462)
4(442 462 468 448)
4(448 468 470 450)
4(462 466 472 468)
4(468 472 474 470)
4(308 320 476 464)
4(464 476 478 466)
4(320 324 480 476)
4(476 480 482 478)
4(466 478 484 472)
4(472 484 486 474)
4(478 482 488 484)
4(484 488 490 486)
4(450 470 492 458)
4(470 474 494 492)
4(474 486 496 494)
4(486 490 498 496)
4(324 368 500 480)
4(480 500 502 482)
4(368 372 504 500)
4(500 504 506 502)
4(482 502 508 488)
4(488 508 510 490)
4(502 506 512 508)
4(508 512 514 510)
4(372 384 516 504)
4(504 516 518 506)
4(384 388 520 516)
4(516 520 522 518)
4(506 518 524 512)
4(512 524 526 514)
4(518 522 528 524)
4(524 528 530 526)
4(490 510 532 498)
4(510 514 534 532)
4(514 526 536 534)
4(526 530 538 536)
4(228 540 544 250)
4(250 544 546 252)
4(540 542 548 544)
4(544 548 550 546)
4(252 546 552 258)
4(258 552 554 260)
4(546 550 556 552)
4(552 556 558 554)
4(260 554 560 346)
4(346 560 562 348)
4(554 558 564 560)
4(560 564 566 562)
4(348 562 568 354)
4(354 568 570 356)
4(562 566 572 568)
4(568 572 574 570)
4(356 570 576 378)
4(378 576 578 380)
4(570 574 580 576)
4(576 580 582 578)
4(380 578 584 386)
4(386 584 586 388)
4(578 582 588 584)
4(584 588 590 586)
4(0 648 682 612)
4(7 2 650 615)
4(9 7 615 617)
4(11 9 617 619)
4(13 11 619 621)
4(71 13 621 623)
4(73 71 623 625)
4(75 73 625 627)
4(77 75 627 629)
4(95 77 629 631)
4(97 95 631 633)
4(99 97 633 635)
4(101 99 635 637)
4(391 101 637 639)
4(393 391 639 641)
4(2 3 651 613)
4(3 5 653 651)
4(5 31 655 653)
4(31 33 657 655)
4(33 35 659 657)
4(35 37 661 659)
4(37 183 663 661)
4(183 185 665 663)
4(185 187 667 665)
4(187 189 669 667)
4(189 223 671 669)
4(223 225 673 671)
4(225 227 675 673)
4(227 229 677 675)
4(229 541 679 677)
4(541 543 681 679)
4(395 393 641 643)
4(397 395 643 645)
4(415 397 645 647)
4(2 7 15 3)
4(7 9 17 15)
4(3 15 19 5)
4(15 17 21 19)
4(9 11 23 17)
4(11 13 25 23)
4(17 23 27 21)
4(23 25 29 27)
4(5 19 39 31)
4(19 21 41 39)
4(31 39 43 33)
4(39 41 45 43)
4(21 27 47 41)
4(27 29 49 47)
4(41 47 51 45)
4(47 49 53 51)
4(33 43 55 35)
4(43 45 57 55)
4(35 55 59 37)
4(55 57 61 59)
4(45 51 63 57)
4(51 53 65 63)
4(57 63 67 61)
4(63 65 69 67)
4(13 71 79 25)
4(71 73 81 79)
4(25 79 83 29)
4(79 81 85 83)
4(73 75 87 81)
4(75 77 89 87)
4(81 87 91 85)
4(87 89 93 91)
4(77 95 103 89)
4(95 97 105 103)
4(89 103 107 93)
4(103 105 109 107)
4(97 99 111 105)
4(99 101 113 111)
4(105 111 115 109)
4(111 113 117 115)
4(29 83 119 49)
4(83 85 121 119)
4(49 119 123 53)
4(119 121 125 123)
4(85 91 127 121)
4(91 93 129 127)
4(389 521 593 587)
4(121 127 131 125)
4(521 523 595 593)
4(127 129 133 131)
4(587 593 597 591)
4(53 123 135 65)
4(593 595 599 597)
4(123 125 137 135)
4(523 529 601 595)
4(65 135 139 69)
4(529 531 603 601)
4(135 137 141 139)
4(595 601 605 599)
4(125 131 143 137)
4(601 603 607 605)
4(131 133 145 143)
4(137 143 147 141)
4(143 145 149 147)
4(93 107 151 129)
4(107 109 153 151)
4(129 151 155 133)
4(151 153 157 155)
4(109 115 159 153)
4(115 117 161 159)
4(531 539 609 603)
4(153 159 163 157)
4(159 161 165 163)
4(603 609 611 607)
4(133 155 167 145)
4(155 157 169 167)
4(145 167 171 149)
4(167 169 173 171)
4(157 163 175 169)
4(163 165 177 175)
4(169 175 179 173)
4(175 177 181 179)
4(37 59 191 183)
4(59 61 193 191)
4(183 191 195 185)
4(191 193 197 195)
4(61 67 199 193)
4(67 69 201 199)
4(193 199 203 197)
4(199 201 205 203)
4(185 195 207 187)
4(195 197 209 207)
4(187 207 211 189)
4(207 209 213 211)
4(197 203 215 209)
4(203 205 217 215)
4(209 215 219 213)
4(215 217 221 219)
4(189 211 231 223)
4(211 213 233 231)
4(223 231 235 225)
4(231 233 237 235)
4(213 219 239 233)
4(219 221 241 239)
4(233 239 243 237)
4(239 241 245 243)
4(225 235 247 227)
4(235 237 249 247)
4(227 247 251 229)
4(247 249 253 251)
4(237 243 255 249)
4(243 245 257 255)
4(249 255 259 253)
4(255 257 261 259)
4(69 139 263 201)
4(139 141 265 263)
4(201 263 267 205)
4(263 265 269 267)
4(141 147 271 265)
4(147 149 273 271)
4(265 271 275 269)
4(271 273 277 275)
4(205 267 279 217)
4(267 269 281 279)
4(217 279 283 221)
4(279 281 285 283)
4(269 275 287 281)
4(275 277 289 287)
4(281 287 291 285)
4(287 289 293 291)
4(149 171 295 273)
4(171 173 297 295)
4(273 295 299 277)
4(295 297 301 299)
4(173 179 303 297)
4(179 181 305 303)
4(297 303 307 301)
4(303 305 309 307)
4(277 299 311 289)
4(299 301 313 311)
4(289 311 315 293)
4(311 313 317 315)
4(301 307 319 313)
4(307 309 321 319)
4(313 319 323 317)
4(319 321 325 323)
4(221 283 327 241)
4(283 285 329 327)
4(241 327 331 245)
4(327 329 333 331)
4(285 291 335 329)
4(291 293 337 335)
4(329 335 339 333)
4(335 337 341 339)
4(245 331 343 257)
4(331 333 345 343)
4(257 343 347 261)
4(343 345 349 347)
4(333 339 351 345)
4(339 341 353 351)
4(345 351 355 349)
4(351 353 357 355)
4(293 315 359 337)
4(315 317 361 359)
4(337 359 363 341)
4(359 361 365 363)
4(317 323 367 361)
4(323 325 369 367)
4(361 367 371 365)
4(367 369 373 371)
4(341 363 375 353)
4(363 365 377 375)
4(353 375 379 357)
4(375 377 381 379)
4(365 371 383 377)
4(371 373 385 383)
4(377 383 387 381)
4(383 385 389 387)
4(101 391 399 113)
4(391 393 401 399)
4(113 399 403 117)
4(399 401 405 403)
4(393 395 407 401)
4(395 397 409 407)
4(401 407 411 405)
4(407 409 413 411)
4(397 415 417 409)
4(409 417 419 413)
4(117 403 421 161)
4(403 405 423 421)
4(161 421 425 165)
4(421 423 427 425)
4(405 411 429 423)
4(411 413 431 429)
4(423 429 433 427)
4(429 431 435 433)
4(165 425 437 177)
4(425 427 439 437)
4(177 437 441 181)
4(437 439 443 441)
4(427 433 445 439)
4(433 435 447 445)
4(439 445 449 443)
4(445 447 451 449)
4(413 419 453 431)
4(431 453 455 435)
4(435 455 457 447)
4(447 457 459 451)
4(181 441 461 305)
4(441 443 463 461)
4(305 461 465 309)
4(461 463 467 465)
4(443 449 469 463)
4(449 451 471 469)
4(463 469 473 467)
4(469 471 475 473)
4(309 465 477 321)
4(465 467 479 477)
4(321 477 481 325)
4(477 479 483 481)
4(467 473 485 479)
4(473 475 487 485)
4(479 485 489 483)
4(485 487 491 489)
4(451 459 493 471)
4(471 493 495 475)
4(475 495 497 487)
4(487 497 499 491)
4(325 481 501 369)
4(481 483 503 501)
4(369 501 505 373)
4(501 503 507 505)
4(483 489 509 503)
4(489 491 511 509)
4(503 509 513 507)
4(509 511 515 513)
4(373 505 517 385)
4(505 507 519 517)
4(385 517 521 389)
4(517 519 523 521)
4(507 513 525 519)
4(513 515 527 525)
4(519 525 529 523)
4(525 527 531 529)
4(491 499 533 511)
4(511 533 535 515)
4(515 535 537 527)
4(527 537 539 531)
4(229 251 545 541)
4(251 253 547 545)
4(541 545 549 543)
4(545 547 551 549)
4(253 259 553 547)
4(259 261 555 553)
4(547 553 557 551)
4(553 555 559 557)
4(261 347 561 555)
4(347 349 563 561)
4(555 561 565 559)
4(561 563 567 565)
4(349 355 569 563)
4(355 357 571 569)
4(563 569 573 567)
4(569 571 575 573)
4(357 379 577 571)
4(379 381 579 577)
4(571 577 581 575)
4(577 579 583 581)
4(381 387 585 579)
4(387 389 587 585)
4(579 585 589 583)
4(585 587 591 589)
4(2 613 683 650)
4(414 415 647 646)
4(608 610 611 609)
4(538 608 609 539)
4(536 538 539 537)
4(534 536 537 535)
4(532 534 535 533)
4(498 532 533 499)
4(496 498 499 497)
4(494 496 497 495)
4(492 494 495 493)
4(458 492 493 459)
4(456 458 459 457)
4(454 456 457 455)
4(452 454 455 453)
4(418 452 453 419)
4(416 418 419 417)
4(414 416 417 415)
4(543 542 680 681)
4(548 549 551 550)
4(606 607 611 610)
4(604 605 607 606)
4(598 599 605 604)
4(596 597 599 598)
4(590 591 597 596)
4(588 589 591 590)
4(582 583 589 588)
4(580 581 583 582)
4(574 575 581 580)
4(572 573 575 574)
4(566 567 573 572)
4(564 565 567 566)
4(558 559 565 564)
4(556 557 559 558)
4(550 551 557 556)
4(542 543 549 548)
)


// ************************************************************************* //
