/*--------------------------------*- C++ -*----------------------------------*\
| =========                 |                                                 |
| \\      /  F ield         | OpenFOAM: The Open Source CFD Toolbox           |
|  \\    /   O peration     | Version:  2306                                  |
|   \\  /    A nd           | Website:  www.openfoam.com                      |
|    \\/     M anipulation  |                                                 |
\*---------------------------------------------------------------------------*/
FoamFile
{
    version     2.0;
    format      ascii;
    arch        "LSB;label=32;scalar=64";
    note        "nPoints:684  nCells:306  nFaces:1259  nInternalFaces:577";
    class       labelList;
    location    "constant/polyMesh";
    object      neighbour;
}
// * * * * * * * * * * * * * * * * * * * * * * * * * * * * * * * * * * * * * //


577
(
1
3
35
305
2
34
3
4
5
305
6
304
7
303
8
302
9
301
10
300
11
299
12
298
13
297
14
296
15
295
16
294
17
293
18
292
291
20
156
21
157
22
158
23
159
24
160
25
161
26
274
27
275
28
276
29
277
30
278
31
279
32
280
33
281
34
290
35
36
290
37
289
305
38
288
304
39
287
303
40
286
302
41
237
301
42
236
300
43
235
299
44
234
298
45
233
297
46
232
296
47
231
295
48
230
294
49
81
293
50
80
292
79
291
52
54
53
95
54
58
94
57
56
60
62
57
59
58
59
93
60
92
61
91
62
66
90
65
64
68
70
65
67
66
67
89
68
88
69
87
70
74
86
73
72
76
78
73
75
74
75
85
76
84
77
83
78
80
82
79
80
81
82
230
83
229
84
188
85
187
86
186
87
185
88
176
89
175
90
174
91
173
92
104
93
103
94
102
95
101
96
97
101
98
100
99
115
100
108
114
101
107
102
103
107
104
106
105
173
106
110
172
107
109
108
109
113
110
112
111
171
112
124
170
113
123
114
122
115
121
116
117
121
118
120
119
135
120
128
134
121
127
122
123
127
124
126
125
169
126
130
168
127
129
128
129
133
130
132
131
167
132
144
166
133
143
134
142
135
141
136
137
141
138
140
139
155
140
148
154
141
147
142
143
147
144
146
145
165
146
150
164
147
149
148
149
153
150
152
151
163
152
160
162
153
159
154
158
155
157
156
157
158
159
160
161
162
274
163
273
164
252
165
251
166
246
167
245
168
208
169
207
170
202
171
201
172
180
173
179
174
175
179
176
178
177
185
178
182
184
179
181
180
181
201
182
200
183
199
184
192
198
185
191
186
187
191
188
190
189
229
190
194
228
191
193
192
193
197
194
196
195
227
196
216
226
197
215
198
214
199
213
200
204
201
203
202
203
207
204
206
205
213
206
210
212
207
209
208
209
245
210
244
211
243
212
220
242
213
219
214
215
219
216
218
217
225
218
222
224
219
221
220
221
241
222
240
223
239
224
236
238
225
235
226
234
227
233
228
232
229
231
230
231
232
233
234
235
236
237
238
286
239
285
240
260
241
259
242
258
243
257
244
248
245
247
246
247
251
248
250
249
257
250
254
256
251
253
252
253
273
254
272
255
271
256
264
270
257
263
258
259
263
260
262
261
285
262
266
284
263
265
264
265
269
266
268
267
283
268
280
282
269
279
270
278
271
277
272
276
273
275
274
275
276
277
278
279
280
281
282
290
283
289
284
288
285
287
286
287
288
289
290
292
293
294
295
296
297
298
299
300
301
302
303
304
305
)


// ************************************************************************* //
