/*--------------------------------*- C++ -*----------------------------------*\
| =========                 |                                                 |
| \\      /  F ield         | OpenFOAM: The Open Source CFD Toolbox           |
|  \\    /   O peration     | Version:  2306                                  |
|   \\  /    A nd           | Website:  www.openfoam.com                      |
|    \\/     M anipulation  |                                                 |
\*---------------------------------------------------------------------------*/
FoamFile
{
    version     2.0;
    format      ascii;
    arch        "LSB;label=32;scalar=64";
    class       vectorField;
    location    "constant/polyMesh";
    object      points;
}
// * * * * * * * * * * * * * * * * * * * * * * * * * * * * * * * * * * * * * //


684
(
(0.000867407 0.000866606 -0.01)
(0.00085843 0.00178529 -0.01)
(0.000867407 0.000866606 0)
(0.00085843 0.00178529 0)
(0.000863115 0.00275873 -0.01)
(0.000863115 0.00275873 0)
(0.00178743 0.000857746 -0.01)
(0.00178743 0.000857746 0)
(0.00276077 0.000862664 -0.01)
(0.00276077 0.000862664 0)
(0.00380909 0.000873869 -0.01)
(0.00380909 0.000873869 0)
(0.00485969 0.000880983 -0.01)
(0.00485969 0.000880983 0)
(0.00177194 0.0017706 -0.01)
(0.00177194 0.0017706 0)
(0.00276432 0.00178055 -0.01)
(0.00276432 0.00178055 0)
(0.0017814 0.00276253 -0.01)
(0.0017814 0.00276253 0)
(0.00278068 0.0027795 -0.01)
(0.00278068 0.0027795 0)
(0.00381875 0.00180015 -0.01)
(0.00381875 0.00180015 0)
(0.00488499 0.0018139 -0.01)
(0.00488499 0.0018139 0)
(0.00383903 0.00280355 -0.01)
(0.00383903 0.00280355 0)
(0.00490672 0.0028215 -0.01)
(0.00490672 0.0028215 0)
(0.000874125 0.0038057 -0.01)
(0.000874125 0.0038057 0)
(0.000881161 0.00485753 -0.01)
(0.000881161 0.00485753 0)
(0.000883727 0.00591635 -0.01)
(0.000883727 0.00591635 0)
(0.00088425 0.00695294 -0.01)
(0.00088425 0.00695294 0)
(0.00180062 0.00381661 -0.01)
(0.00180062 0.00381661 0)
(0.00280419 0.00383771 -0.01)
(0.00280419 0.00383771 0)
(0.00181417 0.00488313 -0.01)
(0.00181417 0.00488313 0)
(0.00282182 0.00490555 -0.01)
(0.00282182 0.00490555 0)
(0.00386195 0.00386127 -0.01)
(0.00386195 0.00386127 0)
(0.00492556 0.00387907 -0.01)
(0.00492556 0.00387907 0)
(0.00387937 0.00492497 -0.01)
(0.00387937 0.00492497 0)
(0.00493894 0.0049387 -0.01)
(0.00493894 0.0049387 0)
(0.0018201 0.00593605 -0.01)
(0.0018201 0.00593605 0)
(0.00283089 0.0059538 -0.01)
(0.00283089 0.0059538 0)
(0.00182179 0.00696811 -0.01)
(0.00182179 0.00696811 0)
(0.00283437 0.00697986 -0.01)
(0.00283437 0.00697986 0)
(0.00388912 0.00596706 -0.01)
(0.00388912 0.00596706 0)
(0.00494647 0.00597562 -0.01)
(0.00494647 0.00597562 0)
(0.00389335 0.00698757 -0.01)
(0.00389335 0.00698757 0)
(0.00494977 0.00699201 -0.01)
(0.00494977 0.00699201 0)
(0.00591896 0.000883612 -0.01)
(0.00591896 0.000883612 0)
(0.00695427 0.000884186 -0.01)
(0.00695427 0.000884186 0)
(0.00797942 0.000883944 -0.01)
(0.00797942 0.000883944 0)
(0.00899121 0.000883711 -0.01)
(0.00899121 0.000883711 0)
(0.00593762 0.00181994 -0.01)
(0.00593762 0.00181994 0)
(0.00696918 0.00182168 -0.01)
(0.00696918 0.00182168 0)
(0.00595471 0.00283072 -0.01)
(0.00595471 0.00283072 0)
(0.00698049 0.00283428 -0.01)
(0.00698049 0.00283428 0)
(0.00798628 0.00182178 -0.01)
(0.00798628 0.00182178 0)
(0.00899448 0.00182151 -0.01)
(0.00899448 0.00182151 0)
(0.0079923 0.00283521 -0.01)
(0.0079923 0.00283521 0)
(0.0089972 0.00283526 -0.01)
(0.0089972 0.00283526 0)
(0.00999728 0.00088355 -0.01)
(0.00999728 0.00088355 0)
(0.0109992 0.000883604 -0.01)
(0.0109992 0.000883604 0)
(0.0119997 0.00088409 -0.01)
(0.0119997 0.00088409 0)
(0.012999 0.000886166 -0.01)
(0.012999 0.000886166 0)
(0.00999811 0.00182133 -0.01)
(0.00999811 0.00182133 0)
(0.0109994 0.00182144 -0.01)
(0.0109994 0.00182144 0)
(0.00999911 0.0028352 -0.01)
(0.00999911 0.0028352 0)
(0.0109997 0.00283536 -0.01)
(0.0109997 0.00283536 0)
(0.0119995 0.00182225 -0.01)
(0.0119995 0.00182225 0)
(0.0129986 0.00182527 -0.01)
(0.0129986 0.00182527 0)
(0.0119997 0.00283613 -0.01)
(0.0119997 0.00283613 0)
(0.012999 0.00283859 -0.01)
(0.012999 0.00283859 0)
(0.0059675 0.003889 -0.01)
(0.0059675 0.003889 0)
(0.00698787 0.00389329 -0.01)
(0.00698787 0.00389329 0)
(0.0059758 0.00494639 -0.01)
(0.0059758 0.00494639 0)
(0.00699213 0.00494974 -0.01)
(0.00699213 0.00494974 0)
(0.00799591 0.00389468 -0.01)
(0.00799591 0.00389468 0)
(0.00899872 0.00389496 -0.01)
(0.00899872 0.00389496 0)
(0.00799777 0.00495083 -0.01)
(0.00799777 0.00495083 0)
(0.00899942 0.00495107 -0.01)
(0.00899942 0.00495107 0)
(0.00598024 0.00598018 -0.01)
(0.00598024 0.00598018 0)
(0.00699426 0.00598209 -0.01)
(0.00699426 0.00598209 0)
(0.00598211 0.00699422 -0.01)
(0.00598211 0.00699422 0)
(0.00699511 0.0069951 -0.01)
(0.00699511 0.0069951 0)
(0.00799864 0.00598269 -0.01)
(0.00799864 0.00598269 0)
(0.00899973 0.00598282 -0.01)
(0.00899973 0.00598282 0)
(0.00799897 0.00699536 -0.01)
(0.00799897 0.00699536 0)
(0.00899984 0.00699542 -0.01)
(0.00899984 0.00699542 0)
(0.00999965 0.00389499 -0.01)
(0.00999965 0.00389499 0)
(0.0109999 0.00389512 -0.01)
(0.0109999 0.00389512 0)
(0.00999987 0.00495111 -0.01)
(0.00999987 0.00495111 0)
(0.011 0.00495117 -0.01)
(0.011 0.00495117 0)
(0.0119999 0.00389558 -0.01)
(0.0119999 0.00389558 0)
(0.0129996 0.00389693 -0.01)
(0.0129996 0.00389693 0)
(0.012 0.00495137 -0.01)
(0.012 0.00495137 0)
(0.0129999 0.00495192 -0.01)
(0.0129999 0.00495192 0)
(0.00999996 0.00598284 -0.01)
(0.00999996 0.00598284 0)
(0.011 0.00598286 -0.01)
(0.011 0.00598286 0)
(0.00999999 0.00699542 -0.01)
(0.00999999 0.00699542 0)
(0.011 0.00699543 -0.01)
(0.011 0.00699543 0)
(0.012 0.00598292 -0.01)
(0.012 0.00598292 0)
(0.013 0.0059831 -0.01)
(0.013 0.0059831 0)
(0.012 0.00699544 -0.01)
(0.012 0.00699544 0)
(0.013 0.00699549 -0.01)
(0.013 0.00699549 0)
(0.000883987 0.00797812 -0.01)
(0.000883987 0.00797812 0)
(0.000883722 0.00899059 -0.01)
(0.000883722 0.00899059 0)
(0.00088352 0.00999672 -0.01)
(0.00088352 0.00999672 0)
(0.000883437 0.010999 -0.01)
(0.000883437 0.010999 0)
(0.00182184 0.00798554 -0.01)
(0.00182184 0.00798554 0)
(0.00283526 0.0079919 -0.01)
(0.00283526 0.0079919 0)
(0.00182152 0.00899402 -0.01)
(0.00182152 0.00899402 0)
(0.00283527 0.00899695 -0.01)
(0.00283527 0.00899695 0)
(0.0038947 0.00799572 -0.01)
(0.0038947 0.00799572 0)
(0.00495084 0.0079977 -0.01)
(0.00495084 0.0079977 0)
(0.00389496 0.00899861 -0.01)
(0.00389496 0.00899861 0)
(0.00495107 0.00899938 -0.01)
(0.00495107 0.00899938 0)
(0.00182127 0.0099978 -0.01)
(0.00182127 0.0099978 0)
(0.00283514 0.00999895 -0.01)
(0.00283514 0.00999895 0)
(0.00182115 0.0109993 -0.01)
(0.00182115 0.0109993 0)
(0.00283506 0.0109997 -0.01)
(0.00283506 0.0109997 0)
(0.00389495 0.00999958 -0.01)
(0.00389495 0.00999958 0)
(0.00495109 0.00999984 -0.01)
(0.00495109 0.00999984 0)
(0.00389492 0.0109999 -0.01)
(0.00389492 0.0109999 0)
(0.00495109 0.011 -0.01)
(0.00495109 0.011 0)
(0.000883404 0.0119998 -0.01)
(0.000883404 0.0119998 0)
(0.000883395 0.013 -0.01)
(0.000883395 0.013 0)
(0.000883393 0.014 -0.01)
(0.000883393 0.014 0)
(0.000883393 0.015 -0.01)
(0.000883393 0.015 0)
(0.00182111 0.0119998 -0.01)
(0.00182111 0.0119998 0)
(0.00283503 0.0119999 -0.01)
(0.00283503 0.0119999 0)
(0.0018211 0.013 -0.01)
(0.0018211 0.013 0)
(0.00283502 0.013 -0.01)
(0.00283502 0.013 0)
(0.00389491 0.012 -0.01)
(0.00389491 0.012 0)
(0.00495108 0.012 -0.01)
(0.00495108 0.012 0)
(0.00389491 0.013 -0.01)
(0.00389491 0.013 0)
(0.00495108 0.013 -0.01)
(0.00495108 0.013 0)
(0.00182109 0.014 -0.01)
(0.00182109 0.014 0)
(0.00283502 0.014 -0.01)
(0.00283502 0.014 0)
(0.00182109 0.015 -0.01)
(0.00182109 0.015 0)
(0.00283502 0.015 -0.01)
(0.00283502 0.015 0)
(0.00389491 0.014 -0.01)
(0.00389491 0.014 0)
(0.00495108 0.014 -0.01)
(0.00495108 0.014 0)
(0.00389491 0.015 -0.01)
(0.00389491 0.015 0)
(0.00495108 0.015 -0.01)
(0.00495108 0.015 0)
(0.0059827 0.00799861 -0.01)
(0.0059827 0.00799861 0)
(0.00699537 0.00799896 -0.01)
(0.00699537 0.00799896 0)
(0.00598282 0.00899971 -0.01)
(0.00598282 0.00899971 0)
(0.00699542 0.00899983 -0.01)
(0.00699542 0.00899983 0)
(0.00799907 0.00799906 -0.01)
(0.00799907 0.00799906 0)
(0.00899987 0.00799908 -0.01)
(0.00899987 0.00799908 0)
(0.00799909 0.00899986 -0.01)
(0.00799909 0.00899986 0)
(0.00899988 0.00899987 -0.01)
(0.00899988 0.00899987 0)
(0.00598283 0.00999994 -0.01)
(0.00598283 0.00999994 0)
(0.00699542 0.00999998 -0.01)
(0.00699542 0.00999998 0)
(0.00598283 0.011 -0.01)
(0.00598283 0.011 0)
(0.00699542 0.011 -0.01)
(0.00699542 0.011 0)
(0.00799909 0.00999999 -0.01)
(0.00799909 0.00999999 0)
(0.00899988 0.00999999 -0.01)
(0.00899988 0.00999999 0)
(0.00799909 0.011 -0.01)
(0.00799909 0.011 0)
(0.00899988 0.011 -0.01)
(0.00899988 0.011 0)
(0.01 0.00799908 -0.01)
(0.01 0.00799908 0)
(0.011 0.00799909 -0.01)
(0.011 0.00799909 0)
(0.01 0.00899987 -0.01)
(0.01 0.00899987 0)
(0.011 0.00899987 -0.01)
(0.011 0.00899987 0)
(0.012 0.00799909 -0.01)
(0.012 0.00799909 0)
(0.013 0.0079991 -0.01)
(0.013 0.0079991 0)
(0.012 0.00899987 -0.01)
(0.012 0.00899987 0)
(0.013 0.00899987 -0.01)
(0.013 0.00899987 0)
(0.01 0.00999999 -0.01)
(0.01 0.00999999 0)
(0.011 0.00999999 -0.01)
(0.011 0.00999999 0)
(0.00999999 0.011 -0.01)
(0.00999999 0.011 0)
(0.011 0.011 -0.01)
(0.011 0.011 0)
(0.012 0.00999999 -0.01)
(0.012 0.00999999 0)
(0.013 0.00999999 -0.01)
(0.013 0.00999999 0)
(0.012 0.011 -0.01)
(0.012 0.011 0)
(0.013 0.011 -0.01)
(0.013 0.011 0)
(0.00598283 0.012 -0.01)
(0.00598283 0.012 0)
(0.00699542 0.012 -0.01)
(0.00699542 0.012 0)
(0.00598283 0.013 -0.01)
(0.00598283 0.013 0)
(0.00699542 0.013 -0.01)
(0.00699542 0.013 0)
(0.00799909 0.012 -0.01)
(0.00799909 0.012 0)
(0.00899987 0.012 -0.01)
(0.00899987 0.012 0)
(0.00799909 0.013 -0.01)
(0.00799909 0.013 0)
(0.00899987 0.013 -0.01)
(0.00899987 0.013 0)
(0.00598283 0.014 -0.01)
(0.00598283 0.014 0)
(0.00699542 0.014 -0.01)
(0.00699542 0.014 0)
(0.00598283 0.015 -0.01)
(0.00598283 0.015 0)
(0.00699542 0.015 -0.01)
(0.00699542 0.015 0)
(0.00799909 0.014 -0.01)
(0.00799909 0.014 0)
(0.00899987 0.014 -0.01)
(0.00899987 0.014 0)
(0.00799909 0.015 -0.01)
(0.00799909 0.015 0)
(0.00899988 0.015 -0.01)
(0.00899988 0.015 0)
(0.00999999 0.012 -0.01)
(0.00999999 0.012 0)
(0.011 0.012 -0.01)
(0.011 0.012 0)
(0.00999999 0.013 -0.01)
(0.00999999 0.013 0)
(0.011 0.013 -0.01)
(0.011 0.013 0)
(0.012 0.012 -0.01)
(0.012 0.012 0)
(0.013 0.012 -0.01)
(0.013 0.012 0)
(0.012 0.013 -0.01)
(0.012 0.013 0)
(0.013 0.013 -0.01)
(0.013 0.013 0)
(0.00999999 0.014 -0.01)
(0.00999999 0.014 0)
(0.011 0.014 -0.01)
(0.011 0.014 0)
(0.00999999 0.015 -0.01)
(0.00999999 0.015 0)
(0.011 0.015 -0.01)
(0.011 0.015 0)
(0.012 0.014 -0.01)
(0.012 0.014 0)
(0.013 0.014 -0.01)
(0.013 0.014 0)
(0.012 0.015 -0.01)
(0.012 0.015 0)
(0.013 0.015 -0.01)
(0.013 0.015 0)
(0.0139977 0.000893877 -0.01)
(0.0139977 0.000893877 0)
(0.0149967 0.000921997 -0.01)
(0.0149967 0.000921997 0)
(0.0159942 0.000993659 -0.01)
(0.0159942 0.000993659 0)
(0.016985 0.00108406 -0.01)
(0.016985 0.00108406 0)
(0.0139969 0.00183463 -0.01)
(0.0139969 0.00183463 0)
(0.014995 0.00185796 -0.01)
(0.014995 0.00185796 0)
(0.0139978 0.00284511 -0.01)
(0.0139978 0.00284511 0)
(0.0149962 0.00285888 -0.01)
(0.0149962 0.00285888 0)
(0.0159923 0.00190073 -0.01)
(0.0159923 0.00190073 0)
(0.0169874 0.00195636 -0.01)
(0.0169874 0.00195636 0)
(0.0159946 0.00288145 -0.01)
(0.0159946 0.00288145 0)
(0.0169927 0.00291028 -0.01)
(0.0169927 0.00291028 0)
(0.0179688 0.00117773 -0.01)
(0.0179688 0.00117773 0)
(0.0179792 0.00201501 -0.01)
(0.0179792 0.00201501 0)
(0.0179909 0.00293969 -0.01)
(0.0179909 0.00293969 0)
(0.0139991 0.00390014 -0.01)
(0.0139991 0.00390014 0)
(0.0149984 0.00390636 -0.01)
(0.0149984 0.00390636 0)
(0.0139998 0.00495315 -0.01)
(0.0139998 0.00495315 0)
(0.0149996 0.00495541 -0.01)
(0.0149996 0.00495541 0)
(0.0159978 0.00391599 -0.01)
(0.0159978 0.00391599 0)
(0.0169975 0.00392779 -0.01)
(0.0169975 0.00392779 0)
(0.0159995 0.00495876 -0.01)
(0.0159995 0.00495876 0)
(0.0169997 0.00496257 -0.01)
(0.0169997 0.00496257 0)
(0.014 0.00598349 -0.01)
(0.014 0.00598349 0)
(0.015 0.00598417 -0.01)
(0.015 0.00598417 0)
(0.014 0.00699559 -0.01)
(0.014 0.00699559 0)
(0.015 0.00699576 -0.01)
(0.015 0.00699576 0)
(0.016 0.00598514 -0.01)
(0.016 0.00598514 0)
(0.0170001 0.00598614 -0.01)
(0.0170001 0.00598614 0)
(0.016 0.00699599 -0.01)
(0.016 0.00699599 0)
(0.0170001 0.0069962 -0.01)
(0.0170001 0.0069962 0)
(0.0179984 0.00393856 -0.01)
(0.0179984 0.00393856 0)
(0.0180008 0.00496528 -0.01)
(0.0180008 0.00496528 0)
(0.0180007 0.00598652 -0.01)
(0.0180007 0.00598652 0)
(0.0180003 0.00699617 -0.01)
(0.0180003 0.00699617 0)
(0.014 0.00799912 -0.01)
(0.014 0.00799912 0)
(0.015 0.00799915 -0.01)
(0.015 0.00799915 0)
(0.014 0.00899987 -0.01)
(0.014 0.00899987 0)
(0.015 0.00899988 -0.01)
(0.015 0.00899988 0)
(0.016 0.0079992 -0.01)
(0.016 0.0079992 0)
(0.017 0.00799923 -0.01)
(0.017 0.00799923 0)
(0.016 0.00899989 -0.01)
(0.016 0.00899989 0)
(0.017 0.00899989 -0.01)
(0.017 0.00899989 0)
(0.014 0.00999999 -0.01)
(0.014 0.00999999 0)
(0.015 0.00999999 -0.01)
(0.015 0.00999999 0)
(0.014 0.011 -0.01)
(0.014 0.011 0)
(0.015 0.011 -0.01)
(0.015 0.011 0)
(0.016 0.00999999 -0.01)
(0.016 0.00999999 0)
(0.017 0.00999999 -0.01)
(0.017 0.00999999 0)
(0.016 0.011 -0.01)
(0.016 0.011 0)
(0.017 0.011 -0.01)
(0.017 0.011 0)
(0.0180001 0.00799919 -0.01)
(0.0180001 0.00799919 0)
(0.018 0.00899988 -0.01)
(0.018 0.00899988 0)
(0.018 0.00999999 -0.01)
(0.018 0.00999999 0)
(0.018 0.011 -0.01)
(0.018 0.011 0)
(0.014 0.012 -0.01)
(0.014 0.012 0)
(0.015 0.012 -0.01)
(0.015 0.012 0)
(0.014 0.013 -0.01)
(0.014 0.013 0)
(0.015 0.013 -0.01)
(0.015 0.013 0)
(0.016 0.012 -0.01)
(0.016 0.012 0)
(0.017 0.012 -0.01)
(0.017 0.012 0)
(0.016 0.013 -0.01)
(0.016 0.013 0)
(0.017 0.013 -0.01)
(0.017 0.013 0)
(0.014 0.014 -0.01)
(0.014 0.014 0)
(0.015 0.014 -0.01)
(0.015 0.014 0)
(0.014 0.015 -0.01)
(0.014 0.015 0)
(0.015 0.015 -0.01)
(0.015 0.015 0)
(0.016 0.014 -0.01)
(0.016 0.014 0)
(0.017 0.014 -0.01)
(0.017 0.014 0)
(0.016 0.015 -0.01)
(0.016 0.015 0)
(0.017 0.015 -0.01)
(0.017 0.015 0)
(0.018 0.012 -0.01)
(0.018 0.012 0)
(0.018 0.013 -0.01)
(0.018 0.013 0)
(0.018 0.014 -0.01)
(0.018 0.014 0)
(0.018 0.015 -0.01)
(0.018 0.015 0)
(0.000883392 0.016 -0.01)
(0.000883392 0.016 0)
(0.000883395 0.017 -0.01)
(0.000883395 0.017 0)
(0.00182109 0.016 -0.01)
(0.00182109 0.016 0)
(0.00283502 0.016 -0.01)
(0.00283502 0.016 0)
(0.00182109 0.017 -0.01)
(0.00182109 0.017 0)
(0.00283502 0.017 -0.01)
(0.00283502 0.017 0)
(0.00389491 0.016 -0.01)
(0.00389491 0.016 0)
(0.00495108 0.016 -0.01)
(0.00495108 0.016 0)
(0.00389491 0.017 -0.01)
(0.00389491 0.017 0)
(0.00495108 0.017 -0.01)
(0.00495108 0.017 0)
(0.00598283 0.016 -0.01)
(0.00598283 0.016 0)
(0.00699542 0.016 -0.01)
(0.00699542 0.016 0)
(0.00598283 0.017 -0.01)
(0.00598283 0.017 0)
(0.00699542 0.017 -0.01)
(0.00699542 0.017 0)
(0.00799909 0.016 -0.01)
(0.00799909 0.016 0)
(0.00899988 0.016 -0.01)
(0.00899988 0.016 0)
(0.00799909 0.017 -0.01)
(0.00799909 0.017 0)
(0.00899988 0.017 -0.01)
(0.00899988 0.017 0)
(0.01 0.016 -0.01)
(0.01 0.016 0)
(0.011 0.016 -0.01)
(0.011 0.016 0)
(0.01 0.017 -0.01)
(0.01 0.017 0)
(0.011 0.017 -0.01)
(0.011 0.017 0)
(0.012 0.016 -0.01)
(0.012 0.016 0)
(0.013 0.016 -0.01)
(0.013 0.016 0)
(0.012 0.017 -0.01)
(0.012 0.017 0)
(0.013 0.017 -0.01)
(0.013 0.017 0)
(0.014 0.016 -0.01)
(0.014 0.016 0)
(0.015 0.016 -0.01)
(0.015 0.016 0)
(0.014 0.017 -0.01)
(0.014 0.017 0)
(0.015 0.017 -0.01)
(0.015 0.017 0)
(0.016 0.016 -0.01)
(0.016 0.016 0)
(0.017 0.016 -0.01)
(0.017 0.016 0)
(0.016 0.017 -0.01)
(0.016 0.017 0)
(0.017 0.017 -0.01)
(0.017 0.017 0)
(0.018 0.016 -0.01)
(0.018 0.016 0)
(0.018 0.017 -0.01)
(0.018 0.017 0)
(0 0.000864258 -0.01)
(0 0.000864258 0)
(0.00183206 0 -0.01)
(0.00183206 0 0)
(0.0027334 0 -0.01)
(0.0027334 0 0)
(0.00382177 0 -0.01)
(0.00382177 0 0)
(0.00481445 0 -0.01)
(0.00481445 0 0)
(0.00591235 0 -0.01)
(0.00591235 0 0)
(0.00693457 0 -0.01)
(0.00693457 0 0)
(0.00797933 0 -0.01)
(0.00797933 0 0)
(0.00898828 0 -0.01)
(0.00898828 0 0)
(0.00999878 0 -0.01)
(0.00999878 0 0)
(0.010999 0 -0.01)
(0.010999 0 0)
(0.0120007 0 -0.01)
(0.0120007 0 0)
(0.013 0 -0.01)
(0.013 0 0)
(0.0140003 0 -0.01)
(0.0140003 0 0)
(0.015 0 -0.01)
(0.015 0 0)
(0.0160007 0.000133355 -0.01)
(0.0160007 0.000133355 0)
(0.0169844 0.00026446 -0.01)
(0.0169844 0.00026446 0)
(0.0179675 0.000395467 -0.01)
(0.0179675 0.000395467 0)
(0.000864258 0 -0.01)
(0 0.00182703 -0.01)
(0.000864258 0 0)
(0 0.00182703 0)
(0 0.0027334 -0.01)
(0 0.0027334 0)
(0 0.00381451 -0.01)
(0 0.00381451 0)
(0 0.00481445 -0.01)
(0 0.00481445 0)
(0 0.00590656 -0.01)
(0 0.00590656 0)
(0 0.00693457 -0.01)
(0 0.00693457 0)
(0 0.00797638 -0.01)
(0 0.00797638 0)
(0 0.00898828 -0.01)
(0 0.00898828 0)
(0 0.0099975 -0.01)
(0 0.0099975 0)
(0 0.010999 -0.01)
(0 0.010999 0)
(0 0.0119999 -0.01)
(0 0.0119999 0)
(0 0.013 -0.01)
(0 0.013 0)
(0 0.014 -0.01)
(0 0.014 0)
(0 0.015 -0.01)
(0 0.015 0)
(0 0.016 -0.01)
(0 0.016 0)
(0 0.017 -0.01)
(0 0.017 0)
(0 0 -0.01)
(0 0 0)
)


// ************************************************************************* //
