/*--------------------------------*- C++ -*----------------------------------*\
| =========                 |                                                 |
| \\      /  F ield         | OpenFOAM: The Open Source CFD Toolbox           |
|  \\    /   O peration     | Version:  2306                                  |
|   \\  /    A nd           | Website:  www.openfoam.com                      |
|    \\/     M anipulation  |                                                 |
\*---------------------------------------------------------------------------*/
FoamFile
{
    version     2.0;
    format      ascii;
    arch        "LSB;label=32;scalar=64";
    class       faceList;
    location    "constant/polyMesh";
    object      faces;
}
// * * * * * * * * * * * * * * * * * * * * * * * * * * * * * * * * * * * * * //


926
(
4(436 522 523 437)
4(436 437 445 444)
4(432 520 521 433)
4(432 433 437 436)
4(262 518 519 263)
4(262 263 433 432)
4(258 516 517 259)
4(258 259 263 262)
4(246 514 515 247)
4(246 247 259 258)
4(243 242 510 511)
4(242 243 247 246)
4(242 512 513 243)
4(240 508 509 241)
4(240 241 243 242)
4(234 506 507 235)
4(234 235 241 240)
4(232 504 505 233)
4(232 233 235 234)
4(210 502 503 211)
4(210 211 233 232)
4(208 500 501 209)
4(208 209 211 210)
4(202 498 499 203)
4(202 203 209 208)
4(200 496 497 201)
4(200 201 203 202)
4(178 494 495 179)
4(178 179 201 200)
4(176 492 493 177)
4(176 177 179 178)
4(170 490 491 171)
4(170 171 177 176)
4(168 488 489 169)
4(168 169 171 170)
4(146 486 487 147)
4(146 147 169 168)
4(144 484 485 145)
4(144 145 147 146)
4(138 482 483 139)
4(138 139 145 144)
4(136 480 481 137)
4(136 137 139 138)
4(114 478 479 115)
4(114 115 137 136)
4(112 476 477 113)
4(112 113 115 114)
4(106 474 475 107)
4(106 107 113 112)
4(104 472 473 105)
4(104 105 107 106)
4(82 470 471 83)
4(82 83 105 104)
4(80 468 469 81)
4(80 81 83 82)
4(74 466 467 75)
4(74 75 81 80)
4(72 464 465 73)
4(72 73 75 74)
4(50 462 463 51)
4(50 51 73 72)
4(48 460 461 49)
4(48 49 51 50)
4(42 458 459 43)
4(42 43 49 48)
4(40 456 457 41)
4(40 41 43 42)
4(18 454 455 19)
4(18 19 41 40)
4(7 6 452 453)
4(6 7 19 18)
4(4 450 451 5)
4(4 5 7 6)
4(2 448 449 3)
4(2 3 5 4)
4(0 1 3 2)
4(434 442 443 435)
4(428 434 435 429)
4(428 429 441 440)
4(434 436 437 435)
4(430 431 435 434)
4(430 432 433 431)
4(424 430 431 425)
4(424 425 429 428)
4(260 430 431 261)
4(254 260 261 255)
4(254 255 425 424)
4(260 262 263 261)
4(256 257 261 260)
4(256 258 259 257)
4(250 256 257 251)
4(250 251 255 254)
4(244 256 257 245)
4(238 244 245 239)
4(238 239 251 250)
4(244 246 247 245)
4(240 241 245 244)
4(234 235 239 238)
4(236 237 239 238)
4(232 233 237 236)
4(248 249 251 250)
4(236 237 249 248)
4(252 253 255 254)
4(248 249 253 252)
4(422 423 425 424)
4(252 253 423 422)
4(426 427 429 428)
4(422 423 427 426)
4(426 427 439 438)
4(412 426 427 413)
4(412 413 421 420)
4(408 422 423 409)
4(408 409 413 412)
4(230 231 409 408)
4(230 252 253 231)
4(406 407 409 408)
4(228 229 407 406)
4(228 230 231 229)
4(410 411 413 412)
4(406 407 411 410)
4(410 411 419 418)
4(404 405 417 416)
4(404 410 411 405)
4(402 403 415 414)
4(402 404 405 403)
4(388 402 403 389)
4(388 389 397 396)
4(398 402 403 399)
4(384 398 399 385)
4(384 385 389 388)
4(400 404 405 401)
4(398 400 401 399)
4(400 406 407 401)
4(222 223 401 400)
4(222 228 229 223)
4(220 221 399 398)
4(220 222 223 221)
4(198 199 385 384)
4(198 220 221 199)
4(382 383 385 384)
4(196 197 383 382)
4(196 198 199 197)
4(386 387 389 388)
4(382 383 387 386)
4(386 387 395 394)
4(380 381 393 392)
4(380 386 387 381)
4(378 379 391 390)
4(378 380 381 379)
4(364 378 379 365)
4(364 365 373 372)
4(374 378 379 375)
4(360 374 375 361)
4(360 361 365 364)
4(376 380 381 377)
4(374 376 377 375)
4(376 382 383 377)
4(190 191 377 376)
4(190 196 197 191)
4(188 189 375 374)
4(188 190 191 189)
4(166 167 361 360)
4(166 188 189 167)
4(358 359 361 360)
4(164 165 359 358)
4(164 166 167 165)
4(362 363 365 364)
4(358 359 363 362)
4(362 363 371 370)
4(356 357 369 368)
4(356 362 363 357)
4(354 355 367 366)
4(354 356 357 355)
4(340 354 355 341)
4(340 341 349 348)
4(350 354 355 351)
4(336 350 351 337)
4(336 337 341 340)
4(352 356 357 353)
4(350 352 353 351)
4(352 358 359 353)
4(158 159 353 352)
4(158 164 165 159)
4(156 157 351 350)
4(156 158 159 157)
4(134 135 337 336)
4(134 156 157 135)
4(334 335 337 336)
4(132 133 335 334)
4(132 134 135 133)
4(338 339 341 340)
4(334 335 339 338)
4(338 339 347 346)
4(332 333 345 344)
4(332 338 339 333)
4(330 331 343 342)
4(330 332 333 331)
4(316 330 331 317)
4(316 317 325 324)
4(326 330 331 327)
4(312 326 327 313)
4(312 313 317 316)
4(328 332 333 329)
4(326 328 329 327)
4(328 334 335 329)
4(126 127 329 328)
4(126 132 133 127)
4(124 125 327 326)
4(124 126 127 125)
4(102 103 313 312)
4(102 124 125 103)
4(310 311 313 312)
4(100 101 311 310)
4(100 102 103 101)
4(314 315 317 316)
4(310 311 315 314)
4(314 315 323 322)
4(308 309 321 320)
4(308 314 315 309)
4(306 307 319 318)
4(306 308 309 307)
4(298 306 307 299)
4(302 306 307 303)
4(294 302 303 295)
4(294 295 299 298)
4(304 308 309 305)
4(302 304 305 303)
4(304 310 311 305)
4(94 95 305 304)
4(94 100 101 95)
4(92 93 303 302)
4(92 94 95 93)
4(70 71 295 294)
4(70 92 93 71)
4(292 293 295 294)
4(68 69 293 292)
4(68 70 71 69)
4(292 293 297 296)
4(284 288 289 285)
4(272 284 285 273)
4(272 273 277 276)
4(286 290 291 287)
4(284 286 287 285)
4(286 292 293 287)
4(62 63 287 286)
4(62 68 69 63)
4(60 61 285 284)
4(60 62 63 61)
4(38 39 273 272)
4(38 60 61 39)
4(270 271 273 272)
4(36 37 271 270)
4(36 38 39 37)
4(270 271 275 274)
4(268 269 281 280)
4(268 274 275 269)
4(264 270 271 265)
4(30 36 37 31)
4(26 30 31 27)
4(24 26 27 25)
4(32 36 37 33)
4(26 32 33 27)
4(34 38 39 35)
4(32 34 35 33)
4(56 60 61 57)
4(34 56 57 35)
4(58 62 63 59)
4(56 58 59 57)
4(64 68 69 65)
4(58 64 65 59)
4(66 70 71 67)
4(64 66 67 65)
4(88 92 93 89)
4(66 88 89 67)
4(90 94 95 91)
4(88 90 91 89)
4(96 100 101 97)
4(90 96 97 91)
4(98 102 103 99)
4(96 98 99 97)
4(120 124 125 121)
4(98 120 121 99)
4(122 126 127 123)
4(120 122 123 121)
4(128 132 133 129)
4(122 128 129 123)
4(130 134 135 131)
4(128 130 131 129)
4(152 156 157 153)
4(130 152 153 131)
4(154 158 159 155)
4(152 154 155 153)
4(160 164 165 161)
4(154 160 161 155)
4(162 166 167 163)
4(160 162 163 161)
4(184 188 189 185)
4(162 184 185 163)
4(186 190 191 187)
4(184 186 187 185)
4(192 196 197 193)
4(186 192 193 187)
4(194 198 199 195)
4(192 194 195 193)
4(216 220 221 217)
4(194 216 217 195)
4(218 222 223 219)
4(216 218 219 217)
4(224 228 229 225)
4(218 224 225 219)
4(226 230 231 227)
4(224 226 227 225)
4(226 248 249 227)
4(214 236 237 215)
4(214 215 227 226)
4(210 211 215 214)
4(212 213 215 214)
4(208 209 213 212)
4(212 213 225 224)
4(206 207 219 218)
4(206 212 213 207)
4(204 205 217 216)
4(204 206 207 205)
4(182 204 205 183)
4(182 183 195 194)
4(200 204 205 201)
4(178 179 183 182)
4(202 206 207 203)
4(180 181 183 182)
4(176 177 181 180)
4(180 181 193 192)
4(174 175 187 186)
4(174 180 181 175)
4(172 173 185 184)
4(172 174 175 173)
4(150 172 173 151)
4(150 151 163 162)
4(168 172 173 169)
4(146 147 151 150)
4(170 174 175 171)
4(148 149 151 150)
4(144 145 149 148)
4(148 149 161 160)
4(142 143 155 154)
4(142 148 149 143)
4(140 141 153 152)
4(140 142 143 141)
4(118 140 141 119)
4(118 119 131 130)
4(136 140 141 137)
4(114 115 119 118)
4(138 142 143 139)
4(116 117 119 118)
4(112 113 117 116)
4(116 117 129 128)
4(110 111 123 122)
4(110 116 117 111)
4(108 109 121 120)
4(108 110 111 109)
4(86 108 109 87)
4(86 87 99 98)
4(104 108 109 105)
4(82 83 87 86)
4(106 110 111 107)
4(84 85 87 86)
4(80 81 85 84)
4(84 85 97 96)
4(78 79 91 90)
4(78 84 85 79)
4(76 77 89 88)
4(76 78 79 77)
4(54 76 77 55)
4(54 55 67 66)
4(72 76 77 73)
4(50 51 55 54)
4(74 78 79 75)
4(52 53 55 54)
4(48 49 53 52)
4(52 53 65 64)
4(46 47 59 58)
4(46 52 53 47)
4(44 45 57 56)
4(44 46 47 45)
4(22 44 45 23)
4(22 23 35 34)
4(40 44 45 41)
4(18 19 23 22)
4(42 46 47 43)
4(20 21 23 22)
4(16 17 21 20)
4(16 18 19 17)
4(20 21 33 32)
4(14 15 27 26)
4(14 20 21 15)
4(12 14 15 13)
4(10 14 15 11)
4(8 10 11 9)
4(10 16 17 11)
4(4 16 17 5)
4(2 3 11 10)
4(510 514 515 511)
4(514 516 517 515)
4(516 518 519 517)
4(518 520 521 519)
4(520 522 523 521)
4(522 524 525 523)
4(511 527 526 510)
4(446 448 449 447)
4(448 450 451 449)
4(452 454 455 453)
4(450 452 453 451)
4(454 456 457 455)
4(456 458 459 457)
4(458 460 461 459)
4(460 462 463 461)
4(462 464 465 463)
4(464 466 467 465)
4(466 468 469 467)
4(468 470 471 469)
4(470 472 473 471)
4(472 474 475 473)
4(474 476 477 475)
4(476 478 479 477)
4(478 480 481 479)
4(480 482 483 481)
4(482 484 485 483)
4(484 486 487 485)
4(486 488 489 487)
4(488 490 491 489)
4(490 492 493 491)
4(492 494 495 493)
4(494 496 497 495)
4(496 498 499 497)
4(498 500 501 499)
4(500 502 503 501)
4(502 504 505 503)
4(504 506 507 505)
4(506 508 509 507)
4(508 512 513 509)
4(512 526 527 513)
4(242 246 514 510)
4(246 258 516 514)
4(258 262 518 516)
4(262 432 520 518)
4(432 436 522 520)
4(436 444 524 522)
4(0 2 448 446)
4(2 4 450 448)
4(6 18 454 452)
4(4 6 452 450)
4(18 40 456 454)
4(40 42 458 456)
4(42 48 460 458)
4(48 50 462 460)
4(50 72 464 462)
4(72 74 466 464)
4(74 80 468 466)
4(80 82 470 468)
4(82 104 472 470)
4(104 106 474 472)
4(106 112 476 474)
4(112 114 478 476)
4(114 136 480 478)
4(136 138 482 480)
4(138 144 484 482)
4(144 146 486 484)
4(146 168 488 486)
4(168 170 490 488)
4(170 176 492 490)
4(176 178 494 492)
4(178 200 496 494)
4(200 202 498 496)
4(202 208 500 498)
4(208 210 502 500)
4(210 232 504 502)
4(232 234 506 504)
4(234 240 508 506)
4(240 242 512 508)
4(30 264 270 36)
4(36 270 272 38)
4(264 268 274 270)
4(270 274 276 272)
4(266 278 280 268)
4(268 280 282 274)
4(0 8 10 2)
4(8 12 14 10)
4(2 10 16 4)
4(38 272 284 60)
4(60 284 286 62)
4(4 16 18 6)
4(272 276 288 284)
4(10 14 20 16)
4(284 288 290 286)
4(16 20 22 18)
4(62 286 292 68)
4(68 292 294 70)
4(12 24 26 14)
4(286 290 296 292)
4(292 296 298 294)
4(24 28 30 26)
4(14 26 32 20)
4(20 32 34 22)
4(26 30 36 32)
4(32 36 38 34)
4(18 22 44 40)
4(40 44 46 42)
4(70 294 302 92)
4(42 46 52 48)
4(92 302 304 94)
4(294 298 306 302)
4(48 52 54 50)
4(302 306 308 304)
4(22 34 56 44)
4(94 304 310 100)
4(44 56 58 46)
4(100 310 312 102)
4(34 38 60 56)
4(304 308 314 310)
4(56 60 62 58)
4(310 314 316 312)
4(46 58 64 52)
4(298 300 318 306)
4(52 64 66 54)
4(306 318 320 308)
4(58 62 68 64)
4(64 68 70 66)
4(50 54 76 72)
4(308 320 322 314)
4(314 322 324 316)
4(72 76 78 74)
4(74 78 84 80)
4(80 84 86 82)
4(54 66 88 76)
4(76 88 90 78)
4(66 70 92 88)
4(102 312 326 124)
4(88 92 94 90)
4(124 326 328 126)
4(78 90 96 84)
4(312 316 330 326)
4(84 96 98 86)
4(326 330 332 328)
4(90 94 100 96)
4(126 328 334 132)
4(96 100 102 98)
4(132 334 336 134)
4(328 332 338 334)
4(82 86 108 104)
4(334 338 340 336)
4(104 108 110 106)
4(316 324 342 330)
4(330 342 344 332)
4(106 110 116 112)
4(112 116 118 114)
4(86 98 120 108)
4(332 344 346 338)
4(108 120 122 110)
4(338 346 348 340)
4(98 102 124 120)
4(120 124 126 122)
4(110 122 128 116)
4(134 336 350 156)
4(116 128 130 118)
4(156 350 352 158)
4(122 126 132 128)
4(336 340 354 350)
4(128 132 134 130)
4(350 354 356 352)
4(158 352 358 164)
4(114 118 140 136)
4(164 358 360 166)
4(136 140 142 138)
4(352 356 362 358)
4(358 362 364 360)
4(138 142 148 144)
4(340 348 366 354)
4(144 148 150 146)
4(354 366 368 356)
4(118 130 152 140)
4(140 152 154 142)
4(130 134 156 152)
4(356 368 370 362)
4(152 156 158 154)
4(362 370 372 364)
4(142 154 160 148)
4(148 160 162 150)
4(154 158 164 160)
4(160 164 166 162)
4(146 150 172 168)
4(168 172 174 170)
4(170 174 180 176)
4(176 180 182 178)
4(150 162 184 172)
4(172 184 186 174)
4(162 166 188 184)
4(184 188 190 186)
4(174 186 192 180)
4(180 192 194 182)
4(186 190 196 192)
4(192 196 198 194)
4(178 182 204 200)
4(200 204 206 202)
4(202 206 212 208)
4(208 212 214 210)
4(182 194 216 204)
4(204 216 218 206)
4(194 198 220 216)
4(216 220 222 218)
4(206 218 224 212)
4(212 224 226 214)
4(218 222 228 224)
4(224 228 230 226)
4(210 214 236 232)
4(232 236 238 234)
4(234 238 244 240)
4(240 244 246 242)
4(214 226 248 236)
4(236 248 250 238)
4(226 230 252 248)
4(248 252 254 250)
4(238 250 256 244)
4(244 256 258 246)
4(250 254 260 256)
4(256 260 262 258)
4(166 360 374 188)
4(188 374 376 190)
4(360 364 378 374)
4(374 378 380 376)
4(190 376 382 196)
4(196 382 384 198)
4(376 380 386 382)
4(382 386 388 384)
4(364 372 390 378)
4(378 390 392 380)
4(380 392 394 386)
4(386 394 396 388)
4(198 384 398 220)
4(220 398 400 222)
4(384 388 402 398)
4(398 402 404 400)
4(222 400 406 228)
4(228 406 408 230)
4(400 404 410 406)
4(406 410 412 408)
4(388 396 414 402)
4(402 414 416 404)
4(404 416 418 410)
4(410 418 420 412)
4(230 408 422 252)
4(252 422 424 254)
4(408 412 426 422)
4(422 426 428 424)
4(254 424 430 260)
4(260 430 432 262)
4(424 428 434 430)
4(430 434 436 432)
4(412 420 438 426)
4(426 438 440 428)
4(428 440 442 434)
4(434 442 444 436)
4(242 510 526 512)
4(247 243 511 515)
4(259 247 515 517)
4(263 259 517 519)
4(433 263 519 521)
4(437 433 521 523)
4(445 437 523 525)
4(3 1 447 449)
4(5 3 449 451)
4(19 7 453 455)
4(7 5 451 453)
4(41 19 455 457)
4(43 41 457 459)
4(49 43 459 461)
4(51 49 461 463)
4(73 51 463 465)
4(75 73 465 467)
4(81 75 467 469)
4(83 81 469 471)
4(105 83 471 473)
4(107 105 473 475)
4(113 107 475 477)
4(115 113 477 479)
4(137 115 479 481)
4(139 137 481 483)
4(145 139 483 485)
4(147 145 485 487)
4(169 147 487 489)
4(171 169 489 491)
4(177 171 491 493)
4(179 177 493 495)
4(201 179 495 497)
4(203 201 497 499)
4(209 203 499 501)
4(211 209 501 503)
4(233 211 503 505)
4(235 233 505 507)
4(241 235 507 509)
4(243 241 509 513)
4(31 37 271 265)
4(37 39 273 271)
4(265 271 275 269)
4(271 273 277 275)
4(267 269 281 279)
4(269 275 283 281)
4(1 3 11 9)
4(9 11 15 13)
4(3 5 17 11)
4(39 61 285 273)
4(61 63 287 285)
4(5 7 19 17)
4(273 285 289 277)
4(11 17 21 15)
4(285 287 291 289)
4(17 19 23 21)
4(63 69 293 287)
4(69 71 295 293)
4(13 15 27 25)
4(287 293 297 291)
4(293 295 299 297)
4(25 27 31 29)
4(15 21 33 27)
4(21 23 35 33)
4(27 33 37 31)
4(33 35 39 37)
4(19 41 45 23)
4(41 43 47 45)
4(71 93 303 295)
4(93 95 305 303)
4(43 49 53 47)
4(295 303 307 299)
4(49 51 55 53)
4(303 305 309 307)
4(23 45 57 35)
4(95 101 311 305)
4(45 47 59 57)
4(101 103 313 311)
4(35 57 61 39)
4(305 311 315 309)
4(57 59 63 61)
4(311 313 317 315)
4(47 53 65 59)
4(299 307 319 301)
4(53 55 67 65)
4(307 309 321 319)
4(59 65 69 63)
4(65 67 71 69)
4(309 315 323 321)
4(51 73 77 55)
4(315 317 325 323)
4(73 75 79 77)
4(75 81 85 79)
4(81 83 87 85)
4(55 77 89 67)
4(77 79 91 89)
4(103 125 327 313)
4(67 89 93 71)
4(125 127 329 327)
4(89 91 95 93)
4(313 327 331 317)
4(79 85 97 91)
4(327 329 333 331)
4(85 87 99 97)
4(127 133 335 329)
4(91 97 101 95)
4(133 135 337 335)
4(97 99 103 101)
4(329 335 339 333)
4(83 105 109 87)
4(335 337 341 339)
4(317 331 343 325)
4(105 107 111 109)
4(331 333 345 343)
4(107 113 117 111)
4(113 115 119 117)
4(333 339 347 345)
4(87 109 121 99)
4(339 341 349 347)
4(109 111 123 121)
4(99 121 125 103)
4(121 123 127 125)
4(135 157 351 337)
4(111 117 129 123)
4(157 159 353 351)
4(117 119 131 129)
4(337 351 355 341)
4(123 129 133 127)
4(351 353 357 355)
4(129 131 135 133)
4(159 165 359 353)
4(115 137 141 119)
4(165 167 361 359)
4(353 359 363 357)
4(137 139 143 141)
4(359 361 365 363)
4(139 145 149 143)
4(341 355 367 349)
4(355 357 369 367)
4(145 147 151 149)
4(119 141 153 131)
4(141 143 155 153)
4(357 363 371 369)
4(131 153 157 135)
4(363 365 373 371)
4(153 155 159 157)
4(143 149 161 155)
4(149 151 163 161)
4(155 161 165 159)
4(161 163 167 165)
4(147 169 173 151)
4(169 171 175 173)
4(171 177 181 175)
4(177 179 183 181)
4(151 173 185 163)
4(173 175 187 185)
4(163 185 189 167)
4(185 187 191 189)
4(175 181 193 187)
4(181 183 195 193)
4(187 193 197 191)
4(193 195 199 197)
4(179 201 205 183)
4(201 203 207 205)
4(203 209 213 207)
4(209 211 215 213)
4(183 205 217 195)
4(205 207 219 217)
4(195 217 221 199)
4(217 219 223 221)
4(207 213 225 219)
4(213 215 227 225)
4(219 225 229 223)
4(225 227 231 229)
4(211 233 237 215)
4(233 235 239 237)
4(235 241 245 239)
4(241 243 247 245)
4(215 237 249 227)
4(237 239 251 249)
4(227 249 253 231)
4(249 251 255 253)
4(239 245 257 251)
4(245 247 259 257)
4(251 257 261 255)
4(257 259 263 261)
4(167 189 375 361)
4(189 191 377 375)
4(361 375 379 365)
4(375 377 381 379)
4(191 197 383 377)
4(197 199 385 383)
4(377 383 387 381)
4(383 385 389 387)
4(365 379 391 373)
4(379 381 393 391)
4(381 387 395 393)
4(387 389 397 395)
4(199 221 399 385)
4(221 223 401 399)
4(385 399 403 389)
4(399 401 405 403)
4(223 229 407 401)
4(229 231 409 407)
4(401 407 411 405)
4(407 409 413 411)
4(389 403 415 397)
4(403 405 417 415)
4(405 411 419 417)
4(411 413 421 419)
4(231 253 423 409)
4(253 255 425 423)
4(409 423 427 413)
4(423 425 429 427)
4(255 261 431 425)
4(261 263 433 431)
4(425 431 435 429)
4(431 433 437 435)
4(413 427 439 421)
4(427 429 441 439)
4(429 435 443 441)
4(435 437 445 443)
4(243 513 527 511)
4(0 446 447 1)
4(266 267 279 278)
4(266 268 269 267)
4(264 265 269 268)
4(30 31 265 264)
4(28 29 31 30)
4(24 25 29 28)
4(12 13 25 24)
4(8 9 13 12)
4(0 1 9 8)
4(444 445 525 524)
4(278 279 281 280)
4(280 281 283 282)
4(442 443 445 444)
4(440 441 443 442)
4(438 439 441 440)
4(420 421 439 438)
4(418 419 421 420)
4(416 417 419 418)
4(414 415 417 416)
4(396 397 415 414)
4(394 395 397 396)
4(392 393 395 394)
4(390 391 393 392)
4(372 373 391 390)
4(370 371 373 372)
4(368 369 371 370)
4(366 367 369 368)
4(348 349 367 366)
4(346 347 349 348)
4(344 345 347 346)
4(342 343 345 344)
4(324 325 343 342)
4(322 323 325 324)
4(320 321 323 322)
4(318 319 321 320)
4(300 301 319 318)
4(298 299 301 300)
4(296 297 299 298)
4(290 291 297 296)
4(288 289 291 290)
4(276 277 289 288)
4(274 275 277 276)
4(274 282 283 275)
)


// ************************************************************************* //
