/*--------------------------------*- C++ -*----------------------------------*\
| =========                 |                                                 |
| \\      /  F ield         | OpenFOAM: The Open Source CFD Toolbox           |
|  \\    /   O peration     | Version:  2306                                  |
|   \\  /    A nd           | Website:  www.openfoam.com                      |
|    \\/     M anipulation  |                                                 |
\*---------------------------------------------------------------------------*/
FoamFile
{
    version     2.0;
    format      ascii;
    arch        "LSB;label=32;scalar=64";
    class       labelList;
    location    "constant/polyMesh";
    object      faceProcAddressing;
}
// * * * * * * * * * * * * * * * * * * * * * * * * * * * * * * * * * * * * * //


926
(
425
426
427
428
429
430
431
432
433
434
435
436
437
438
439
440
441
442
443
444
445
446
447
448
449
450
451
452
453
454
455
456
457
458
459
460
461
462
463
464
465
466
467
468
469
470
471
472
473
474
475
476
477
478
479
480
481
482
483
484
485
486
487
488
489
490
491
492
493
494
495
496
497
498
499
501
1392
1393
1394
1395
1396
1397
1398
1399
1400
1401
1402
1403
1404
1405
1406
1407
1408
1409
1410
1411
1412
1413
1414
1415
1416
1417
1418
1419
1420
1421
1422
1423
1425
1429
1430
1431
1432
1433
1434
1435
1436
1437
1438
1439
1441
1445
1446
1448
1449
1453
1454
1455
1456
1457
1458
1459
1460
1461
1462
1463
1464
1465
1466
1467
1468
1469
1470
1471
1473
1477
1478
1480
1481
1485
1486
1487
1488
1489
1490
1491
1492
1493
1494
1495
1496
1497
1498
1499
1500
1501
1502
1503
1505
1509
1510
1512
1513
1517
1518
1519
1520
1521
1522
1523
1524
1525
1526
1527
1528
1529
1530
1531
1532
1533
1534
1535
1537
1541
1542
1544
1545
1549
1550
1551
1552
1553
1554
1555
1556
1557
1558
1559
1560
1561
1562
1563
1564
1565
1566
1567
1569
1573
1574
1576
1577
1581
1583
1584
1585
1586
1587
1588
1589
1590
1591
1592
1593
1594
1595
1596
1597
1599
1608
1609
1610
1611
1612
1613
1614
1615
1616
1617
1618
1619
1620
1621
1622
1624
1626
1627
1636
1638
1714
1715
1716
1717
1718
1719
1720
1721
1722
1723
1724
1725
1726
1727
1728
1729
1730
1731
1732
1733
1734
1735
1736
1737
1738
1739
1740
1741
1742
1743
1744
1745
1746
1747
1748
1749
1750
1751
1752
1753
1754
1755
1756
1757
1758
1759
1760
1761
1762
1763
1764
1765
1766
1767
1768
1769
1770
1771
1772
1773
1774
1775
1776
1777
1778
1779
1780
1781
1782
1783
1784
1785
1786
1787
1788
1789
1790
1791
1792
1793
1794
1795
1796
1797
1798
1799
1800
1801
1802
1803
1804
1805
1806
1807
1808
1809
1810
1811
1812
1813
1814
1815
1816
1817
1818
1819
1820
1821
1822
1823
1824
1825
1826
1827
1828
1829
1830
1831
1832
1833
1834
1835
1836
1837
1838
1839
1840
1841
1842
1843
1844
1845
1846
1847
1848
1849
1851
1857
1858
1859
1860
1861
4146
4147
4148
4149
4150
4151
4154
4386
4387
4388
4389
4390
4391
4392
4393
4394
4395
4396
4397
4398
4399
4400
4401
4402
4403
4404
4405
4406
4407
4408
4409
4410
4411
4412
4413
4414
4415
4416
4417
4418
4465
4466
4467
4468
4469
4470
4699
4700
4701
4702
4703
4704
4705
4706
4707
4708
4709
4710
4711
4712
4713
4714
4715
4716
4717
4718
4719
4720
4721
4722
4723
4724
4725
4726
4727
4728
4729
4730
5848
5850
5852
5854
5858
5863
6069
6073
6077
6078
6079
6080
6081
6082
6083
6084
6085
6087
6088
6089
6091
6092
6094
6096
6099
6101
6103
6106
6107
6108
6109
6110
6111
6112
6113
6114
6115
6116
6117
6118
6119
6120
6121
6122
6123
6124
6125
6127
6129
6130
6131
6132
6134
6138
6141
6144
6146
6147
6148
6149
6150
6151
6152
6153
6154
6155
6156
6157
6158
6159
6160
6161
6162
6163
6164
6166
6168
6169
6170
6171
6172
6174
6176
6177
6178
6179
6180
6181
6182
6183
6184
6185
6186
6187
6188
6189
6190
6191
6192
6193
6194
6196
6198
6199
6200
6201
6202
6204
6207
6210
6214
6217
6220
6222
6225
6227
6229
6231
6233
6235
6237
6239
6241
6244
6247
6249
6251
6253
6255
6257
6259
6261
6263
6265
6269
6271
6275
6278
6281
6283
6285
6288
6290
6292
6294
6297
6345
6347
6349
6351
6353
6355
6357
6358
6360
6362
6368
6370
6376
6378
6380
6382
6384
6386
6388
6390
6392
6394
6400
6402
6420
6422
6424
6426
6428
6430
6432
6433
6435
6437
6443
6445
6542
6593
6594
6595
6596
6597
6598
6827
6828
6829
6830
6831
6832
6833
6834
6835
6836
6837
6838
6839
6840
6841
6842
6843
6844
6845
6846
6847
6848
6849
6850
6851
6852
6853
6854
6855
6856
6857
6858
7977
7979
7981
7983
7987
7992
8199
8203
8206
8207
8208
8209
8210
8211
8212
8213
8214
8216
8217
8218
8220
8221
8223
8226
8228
8230
8233
8235
8236
8237
8238
8239
8240
8241
8242
8243
8244
8245
8246
8247
8248
8249
8250
8251
8252
8253
8254
8256
8258
8259
8260
8261
8264
8268
8271
8274
8275
8276
8277
8278
8279
8280
8281
8282
8283
8284
8285
8286
8287
8288
8289
8290
8291
8292
8293
8296
8297
8298
8299
8300
8302
8304
8305
8306
8307
8308
8309
8310
8311
8312
8313
8314
8315
8316
8317
8318
8319
8320
8321
8322
8324
8326
8327
8328
8329
8330
8332
8334
8337
8340
8344
8347
8349
8352
8354
8356
8358
8360
8362
8364
8366
8368
8371
8373
8376
8379
8381
8383
8385
8387
8389
8391
8393
8395
8398
8401
8404
8408
8410
8412
8415
8417
8419
8422
8424
8426
8474
8476
8478
8480
8482
8483
8485
8487
8489
8491
8497
8499
8505
8507
8509
8511
8513
8515
8517
8519
8521
8523
8529
8531
8549
8551
8553
8555
8557
8558
8560
8562
8564
8566
8572
8573
8670
500
1628
1629
-1634
1637
-1640
-1712
1850
-1854
1862
-423
-1326
-1328
-1389
-1390
1424
-1427
1440
-1443
1447
-1451
1472
-1475
1479
-1483
1504
-1507
1511
-1515
1536
-1539
1543
-1547
1568
-1571
1575
-1579
1582
1598
-1603
-1605
-1606
1623
-1625
)


// ************************************************************************* //
