/*--------------------------------*- C++ -*----------------------------------*\
| =========                 |                                                 |
| \\      /  F ield         | OpenFOAM: The Open Source CFD Toolbox           |
|  \\    /   O peration     | Version:  2306                                  |
|   \\  /    A nd           | Website:  www.openfoam.com                      |
|    \\/     M anipulation  |                                                 |
\*---------------------------------------------------------------------------*/
FoamFile
{
    version     2.0;
    format      ascii;
    arch        "LSB;label=32;scalar=64";
    note        "nPoints:528  nCells:221  nFaces:926  nInternalFaces:400";
    class       labelList;
    location    "constant/polyMesh";
    object      neighbour;
}
// * * * * * * * * * * * * * * * * * * * * * * * * * * * * * * * * * * * * * //


400
(
1
40
2
41
3
44
4
45
5
48
6
49
7
8
49
9
50
10
51
11
163
12
164
13
171
14
170
15
169
16
172
17
179
18
178
19
177
20
180
21
187
22
186
23
185
24
188
25
195
26
194
27
193
28
196
29
203
30
202
31
201
32
204
33
211
34
210
35
209
36
219
37
219
38
218
220
40
42
56
41
42
44
43
55
44
46
54
45
46
48
47
53
48
50
52
49
50
51
52
163
53
162
54
161
55
59
56
58
57
58
62
59
61
60
161
61
69
160
62
68
63
64
68
65
67
66
74
67
71
73
68
70
69
70
159
71
158
72
157
73
81
156
74
80
75
76
80
77
79
78
86
79
83
85
80
82
81
82
155
83
154
84
153
85
93
152
86
92
87
88
92
89
91
90
98
91
95
97
92
94
93
94
151
95
150
96
149
97
105
148
98
104
99
100
104
101
103
102
110
103
107
109
104
106
105
106
147
107
146
108
145
109
117
144
110
116
111
112
116
113
115
114
115
119
121
116
118
117
118
143
119
142
120
141
121
125
140
124
123
127
129
124
126
125
126
139
127
138
128
137
129
133
136
132
131
132
133
135
135
215
136
214
137
213
138
208
139
207
140
206
141
205
142
200
143
199
144
198
145
197
146
192
147
191
148
190
149
189
150
184
151
183
152
182
153
181
154
176
155
175
156
174
157
173
158
168
159
167
160
166
161
165
162
163
165
164
165
171
166
167
171
168
170
169
173
170
172
171
173
179
174
175
179
176
178
177
181
178
180
179
181
187
182
183
187
184
186
185
189
186
188
187
189
195
190
191
195
192
194
193
197
194
196
195
197
203
198
199
203
200
202
201
205
202
204
203
205
211
206
207
211
208
210
209
213
210
212
211
213
217
219
214
215
217
216
217
220
218
219
220
)


// ************************************************************************* //
