/*--------------------------------*- C++ -*----------------------------------*\
| =========                 |                                                 |
| \\      /  F ield         | OpenFOAM: The Open Source CFD Toolbox           |
|  \\    /   O peration     | Version:  2306                                  |
|   \\  /    A nd           | Website:  www.openfoam.com                      |
|    \\/     M anipulation  |                                                 |
\*---------------------------------------------------------------------------*/
FoamFile
{
    version     2.0;
    format      ascii;
    arch        "LSB;label=32;scalar=64";
    note        "nPoints:528  nCells:221  nFaces:926  nInternalFaces:400";
    class       labelList;
    location    "constant/polyMesh";
    object      owner;
}
// * * * * * * * * * * * * * * * * * * * * * * * * * * * * * * * * * * * * * //


926
(
0
0
1
1
2
2
3
3
4
4
5
5
6
7
7
8
8
9
9
10
10
11
11
12
12
13
13
14
14
15
15
16
16
17
17
18
18
19
19
20
20
21
21
22
22
23
23
24
24
25
25
26
26
27
27
28
28
29
29
30
30
31
31
32
32
33
33
34
34
35
35
36
36
37
37
38
39
39
39
40
41
41
42
42
43
43
43
44
45
45
46
46
47
47
47
48
49
50
51
51
52
52
53
53
54
54
55
55
56
57
57
58
58
59
59
60
60
60
61
61
62
63
63
64
64
65
65
66
66
66
67
67
68
69
69
70
70
71
71
72
72
72
73
73
74
75
75
76
76
77
77
78
78
78
79
79
80
81
81
82
82
83
83
84
84
84
85
85
86
87
87
88
88
89
89
90
90
90
91
91
92
93
93
94
94
95
95
96
96
96
97
97
98
99
99
100
100
101
101
102
102
102
103
103
104
105
105
106
106
107
107
108
108
108
109
109
110
111
111
112
112
113
114
114
114
115
115
116
117
117
118
118
119
119
120
120
120
121
122
122
122
123
123
124
125
125
126
126
127
127
128
128
128
129
130
130
132
133
134
134
135
135
136
136
137
137
138
138
139
139
140
140
141
141
142
142
143
143
144
144
145
145
146
146
147
147
148
148
149
149
150
150
151
151
152
152
153
153
154
154
155
155
156
156
157
157
158
158
159
159
160
160
161
162
162
163
164
164
165
166
166
167
167
168
168
169
169
170
172
172
173
174
174
175
175
176
176
177
177
178
180
180
181
182
182
183
183
184
184
185
185
186
188
188
189
190
190
191
191
192
192
193
193
194
196
196
197
198
198
199
199
200
200
201
201
202
204
204
205
206
206
207
207
208
208
209
209
210
212
212
212
213
214
214
215
216
216
217
218
218
5
4
3
2
1
0
6
38
37
35
36
34
33
32
31
30
29
28
27
26
25
24
23
22
21
20
19
18
17
16
15
14
13
12
11
10
9
8
7
6
5
4
3
2
1
0
38
37
35
36
34
33
32
31
30
29
28
27
26
25
24
23
22
21
20
19
18
17
16
15
14
13
12
11
10
9
8
7
133
128
132
129
131
130
220
216
218
127
126
219
122
217
123
212
125
120
215
124
121
134
214
213
135
136
209
210
119
211
118
114
204
115
208
117
207
108
137
116
138
109
206
113
205
112
139
140
201
111
110
202
203
196
200
199
141
107
142
106
198
102
197
103
143
105
144
96
104
193
97
194
101
100
195
188
192
99
191
98
145
146
190
95
189
94
147
90
148
91
93
185
84
186
92
85
187
89
180
88
184
183
149
87
150
86
182
181
151
152
177
178
179
172
176
175
153
154
174
173
155
156
169
170
171
164
168
167
157
158
166
165
159
160
163
51
50
49
162
52
161
53
47
48
46
45
83
82
78
79
81
72
80
73
77
76
75
74
71
70
66
67
69
60
68
61
65
64
63
62
59
54
58
55
43
44
42
41
57
56
39
40
6
5
4
3
2
1
0
38
37
35
36
34
33
32
31
30
29
28
27
26
25
24
23
22
21
20
19
18
17
16
15
14
13
12
11
10
9
8
7
133
128
132
129
131
130
220
216
218
127
126
219
122
217
123
212
125
120
215
124
121
134
214
213
135
136
209
210
119
118
211
114
204
115
208
117
207
108
137
116
138
109
206
113
205
112
139
140
111
201
110
202
203
196
200
199
107
141
106
142
102
198
103
197
105
143
96
144
104
193
97
101
194
100
195
188
99
192
98
191
145
146
95
190
94
189
90
147
91
148
93
185
84
92
186
85
187
89
88
180
184
183
87
149
86
150
182
181
151
152
177
178
179
172
176
175
153
154
174
173
155
156
169
170
171
164
168
167
157
158
166
165
159
160
163
51
50
49
162
52
161
53
47
48
46
45
83
82
78
79
81
72
80
73
77
76
75
74
71
70
66
67
69
60
68
61
65
64
63
62
59
54
58
55
43
44
42
41
57
56
39
40
6
38
131
131
132
133
134
134
215
216
220
0
131
130
40
39
56
57
62
63
64
65
74
75
76
77
86
87
88
89
98
99
100
101
110
111
112
113
113
121
124
123
122
129
130
)


// ************************************************************************* //
