/*--------------------------------*- C++ -*----------------------------------*\
| =========                 |                                                 |
| \\      /  F ield         | OpenFOAM: The Open Source CFD Toolbox           |
|  \\    /   O peration     | Version:  2306                                  |
|   \\  /    A nd           | Website:  www.openfoam.com                      |
|    \\/     M anipulation  |                                                 |
\*---------------------------------------------------------------------------*/
FoamFile
{
    version     2.0;
    format      ascii;
    arch        "LSB;label=32;scalar=64";
    class       vectorField;
    location    "constant/polyMesh";
    object      points;
}
// * * * * * * * * * * * * * * * * * * * * * * * * * * * * * * * * * * * * * //


528
(
(0.0580461 0.010781 -0.01)
(0.0580461 0.010781 0)
(0.0591484 0.0109987 -0.01)
(0.0591484 0.0109987 0)
(0.0600171 0.0110938 -0.01)
(0.0600171 0.0110938 0)
(0.0606425 0.0111006 -0.01)
(0.0606425 0.0111006 0)
(0.0580838 0.0118251 -0.01)
(0.0580838 0.0118251 0)
(0.0591075 0.0118574 -0.01)
(0.0591075 0.0118574 0)
(0.058068 0.0128558 -0.01)
(0.058068 0.0128558 0)
(0.0590823 0.0128367 -0.01)
(0.0590823 0.0128367 0)
(0.0600851 0.0118679 -0.01)
(0.0600851 0.0118679 0)
(0.0611208 0.0116683 -0.01)
(0.0611208 0.0116683 0)
(0.0600914 0.0128066 -0.01)
(0.0600914 0.0128066 0)
(0.0611122 0.0127633 -0.01)
(0.0611122 0.0127633 0)
(0.058037 0.0139232 -0.01)
(0.058037 0.0139232 0)
(0.0590485 0.0138958 -0.01)
(0.0590485 0.0138958 0)
(0.0580096 0.0149955 -0.01)
(0.0580096 0.0149955 0)
(0.0590172 0.0149736 -0.01)
(0.0590172 0.0149736 0)
(0.0600587 0.0138672 -0.01)
(0.0600587 0.0138672 0)
(0.0610669 0.0138424 -0.01)
(0.0610669 0.0138424 0)
(0.0600222 0.0149552 -0.01)
(0.0600222 0.0149552 0)
(0.0610238 0.0149403 -0.01)
(0.0610238 0.0149403 0)
(0.0622467 0.0118265 -0.01)
(0.0622467 0.0118265 0)
(0.0632059 0.0118613 -0.01)
(0.0632059 0.0118613 0)
(0.0621364 0.0127772 -0.01)
(0.0621364 0.0127772 0)
(0.0631225 0.0127972 -0.01)
(0.0631225 0.0127972 0)
(0.0641413 0.0118723 -0.01)
(0.0641413 0.0118723 0)
(0.0650875 0.0118777 -0.01)
(0.0650875 0.0118777 0)
(0.0640886 0.012808 -0.01)
(0.0640886 0.012808 0)
(0.0650555 0.0128141 -0.01)
(0.0650555 0.0128141 0)
(0.0620692 0.0138322 -0.01)
(0.0620692 0.0138322 0)
(0.0630605 0.0138313 -0.01)
(0.0630605 0.0138313 0)
(0.0620222 0.0149292 -0.01)
(0.0620222 0.0149292 0)
(0.063018 0.0149208 -0.01)
(0.063018 0.0149208 0)
(0.0640443 0.0138328 -0.01)
(0.0640443 0.0138328 0)
(0.065028 0.0138344 -0.01)
(0.065028 0.0138344 0)
(0.064013 0.014914 -0.01)
(0.064013 0.014914 0)
(0.0650086 0.0149087 -0.01)
(0.0650086 0.0149087 0)
(0.0660481 0.0118806 -0.01)
(0.0660481 0.0118806 0)
(0.0670248 0.0118822 -0.01)
(0.0670248 0.0118822 0)
(0.066031 0.0128178 -0.01)
(0.066031 0.0128178 0)
(0.0670156 0.0128198 -0.01)
(0.0670156 0.0128198 0)
(0.068011 0.0118829 -0.01)
(0.068011 0.0118829 0)
(0.0690046 0.0118832 -0.01)
(0.0690046 0.0118832 0)
(0.0680071 0.0128208 -0.01)
(0.0680071 0.0128208 0)
(0.0690029 0.0128212 -0.01)
(0.0690029 0.0128212 0)
(0.0660157 0.0138356 -0.01)
(0.0660157 0.0138356 0)
(0.0670079 0.0138364 -0.01)
(0.0670079 0.0138364 0)
(0.0660053 0.0149054 -0.01)
(0.0660053 0.0149054 0)
(0.0670029 0.014904 -0.01)
(0.0670029 0.014904 0)
(0.0680035 0.0138368 -0.01)
(0.0680035 0.0138368 0)
(0.0690014 0.0138371 -0.01)
(0.0690014 0.0138371 0)
(0.0680014 0.0149036 -0.01)
(0.0680014 0.0149036 0)
(0.0690006 0.0149035 -0.01)
(0.0690006 0.0149035 0)
(0.0700016 0.0118834 -0.01)
(0.0700016 0.0118834 0)
(0.0710005 0.0118834 -0.01)
(0.0710005 0.0118834 0)
(0.0700011 0.0128214 -0.01)
(0.0700011 0.0128214 0)
(0.0710004 0.0128215 -0.01)
(0.0710004 0.0128215 0)
(0.0720001 0.0118835 -0.01)
(0.0720001 0.0118835 0)
(0.073 0.0118835 -0.01)
(0.073 0.0118835 0)
(0.0720001 0.0128215 -0.01)
(0.0720001 0.0128215 0)
(0.073 0.0128215 -0.01)
(0.073 0.0128215 0)
(0.0700005 0.0138372 -0.01)
(0.0700005 0.0138372 0)
(0.0710001 0.0138373 -0.01)
(0.0710001 0.0138373 0)
(0.0700002 0.0149036 -0.01)
(0.0700002 0.0149036 0)
(0.071 0.0149036 -0.01)
(0.071 0.0149036 0)
(0.072 0.0138373 -0.01)
(0.072 0.0138373 0)
(0.073 0.0138373 -0.01)
(0.073 0.0138373 0)
(0.072 0.0149036 -0.01)
(0.072 0.0149036 0)
(0.073 0.0149036 -0.01)
(0.073 0.0149036 0)
(0.074 0.0118835 -0.01)
(0.074 0.0118835 0)
(0.075 0.0118835 -0.01)
(0.075 0.0118835 0)
(0.074 0.0128215 -0.01)
(0.074 0.0128215 0)
(0.075 0.0128215 -0.01)
(0.075 0.0128215 0)
(0.076 0.0118835 -0.01)
(0.076 0.0118835 0)
(0.077 0.0118835 -0.01)
(0.077 0.0118835 0)
(0.076 0.0128215 -0.01)
(0.076 0.0128215 0)
(0.077 0.0128215 -0.01)
(0.077 0.0128215 0)
(0.074 0.0138373 -0.01)
(0.074 0.0138373 0)
(0.075 0.0138373 -0.01)
(0.075 0.0138373 0)
(0.074 0.0149036 -0.01)
(0.074 0.0149036 0)
(0.075 0.0149036 -0.01)
(0.075 0.0149036 0)
(0.076 0.0138373 -0.01)
(0.076 0.0138373 0)
(0.077 0.0138373 -0.01)
(0.077 0.0138373 0)
(0.076 0.0149036 -0.01)
(0.076 0.0149036 0)
(0.077 0.0149036 -0.01)
(0.077 0.0149036 0)
(0.0780002 0.0118835 -0.01)
(0.0780002 0.0118835 0)
(0.0790009 0.0118835 -0.01)
(0.0790009 0.0118835 0)
(0.0780001 0.0128215 -0.01)
(0.0780001 0.0128215 0)
(0.0790006 0.0128216 -0.01)
(0.0790006 0.0128216 0)
(0.080003 0.0118836 -0.01)
(0.080003 0.0118836 0)
(0.0810089 0.0118838 -0.01)
(0.0810089 0.0118838 0)
(0.080002 0.0128217 -0.01)
(0.080002 0.0128217 0)
(0.0810056 0.0128219 -0.01)
(0.0810056 0.0128219 0)
(0.0780001 0.0138373 -0.01)
(0.0780001 0.0138373 0)
(0.0790003 0.0138373 -0.01)
(0.0790003 0.0138373 0)
(0.078 0.0149036 -0.01)
(0.078 0.0149036 0)
(0.0790001 0.0149036 -0.01)
(0.0790001 0.0149036 0)
(0.080001 0.0138374 -0.01)
(0.080001 0.0138374 0)
(0.0810029 0.0138375 -0.01)
(0.0810029 0.0138375 0)
(0.0800004 0.0149036 -0.01)
(0.0800004 0.0149036 0)
(0.0810015 0.0149036 -0.01)
(0.0810015 0.0149036 0)
(0.0820207 0.011884 -0.01)
(0.0820207 0.011884 0)
(0.0830458 0.0118843 -0.01)
(0.0830458 0.0118843 0)
(0.0820138 0.0128222 -0.01)
(0.0820138 0.0128222 0)
(0.0830309 0.0128222 -0.01)
(0.0830309 0.0128222 0)
(0.0840811 0.0118837 -0.01)
(0.0840811 0.0118837 0)
(0.0851404 0.0118812 -0.01)
(0.0851404 0.0118812 0)
(0.0840626 0.0128206 -0.01)
(0.0840626 0.0128206 0)
(0.0851153 0.0128149 -0.01)
(0.0851153 0.0128149 0)
(0.0820079 0.0138375 -0.01)
(0.0820079 0.0138375 0)
(0.0830199 0.0138367 -0.01)
(0.0830199 0.0138367 0)
(0.0820046 0.0149034 -0.01)
(0.0820046 0.0149034 0)
(0.0830133 0.0149023 -0.01)
(0.0830133 0.0149023 0)
(0.084046 0.0138336 -0.01)
(0.084046 0.0138336 0)
(0.0850946 0.0138252 -0.01)
(0.0850946 0.0138252 0)
(0.084035 0.0148987 -0.01)
(0.084035 0.0148987 0)
(0.0850789 0.0148906 -0.01)
(0.0850789 0.0148906 0)
(0.086191 0.0118744 -0.01)
(0.086191 0.0118744 0)
(0.0872392 0.0118637 -0.01)
(0.0872392 0.0118637 0)
(0.0861817 0.0128019 -0.01)
(0.0861817 0.0128019 0)
(0.087236 0.0127838 -0.01)
(0.087236 0.0127838 0)
(0.0882125 0.0118599 -0.01)
(0.0882125 0.0118599 0)
(0.0891324 0.0118701 -0.01)
(0.0891324 0.0118701 0)
(0.0882281 0.0127764 -0.01)
(0.0882281 0.0127764 0)
(0.0891415 0.0127943 -0.01)
(0.0891415 0.0127943 0)
(0.0861628 0.0138091 -0.01)
(0.0861628 0.0138091 0)
(0.0872209 0.0137879 -0.01)
(0.0872209 0.0137879 0)
(0.0861441 0.0148761 -0.01)
(0.0861441 0.0148761 0)
(0.0872015 0.014857 -0.01)
(0.0872015 0.014857 0)
(0.0882193 0.0137752 -0.01)
(0.0882193 0.0137752 0)
(0.089137 0.0137772 -0.01)
(0.089137 0.0137772 0)
(0.088203 0.0148411 -0.01)
(0.088203 0.0148411 0)
(0.0891274 0.0148354 -0.01)
(0.0891274 0.0148354 0)
(0.058997 0.0160276 -0.01)
(0.058997 0.0160276 0)
(0.0580007 0.0170155 -0.01)
(0.0580007 0.0170155 0)
(0.0589886 0.0170185 -0.01)
(0.0589886 0.0170185 0)
(0.0599941 0.0160245 -0.01)
(0.0599941 0.0160245 0)
(0.0609887 0.0160246 -0.01)
(0.0609887 0.0160246 0)
(0.0599704 0.0170391 -0.01)
(0.0599704 0.0170391 0)
(0.0609524 0.0170636 -0.01)
(0.0609524 0.0170636 0)
(0.0580305 0.0178739 -0.01)
(0.0580305 0.0178739 0)
(0.058989 0.0179087 -0.01)
(0.058989 0.0179087 0)
(0.0599434 0.0179624 -0.01)
(0.0599434 0.0179624 0)
(0.061985 0.0160223 -0.01)
(0.061985 0.0160223 0)
(0.062986 0.0160138 -0.01)
(0.062986 0.0160138 0)
(0.0619466 0.0170804 -0.01)
(0.0619466 0.0170804 0)
(0.0629591 0.017078 -0.01)
(0.0629591 0.017078 0)
(0.0639907 0.0159999 -0.01)
(0.0639907 0.0159999 0)
(0.0649961 0.0159866 -0.01)
(0.0649961 0.0159866 0)
(0.0639785 0.0170545 -0.01)
(0.0639785 0.0170545 0)
(0.0649926 0.0170315 -0.01)
(0.0649926 0.0170315 0)
(0.0650089 0.0180014 -0.01)
(0.0650089 0.0180014 0)
(0.0659995 0.0159782 -0.01)
(0.0659995 0.0159782 0)
(0.0670006 0.0159744 -0.01)
(0.0670006 0.0159744 0)
(0.066 0.0170193 -0.01)
(0.066 0.0170193 0)
(0.0670018 0.017015 -0.01)
(0.0670018 0.017015 0)
(0.0680006 0.0159732 -0.01)
(0.0680006 0.0159732 0)
(0.0690002 0.0159729 -0.01)
(0.0690002 0.0159729 0)
(0.0680012 0.0170139 -0.01)
(0.0680012 0.0170139 0)
(0.0690003 0.0170137 -0.01)
(0.0690003 0.0170137 0)
(0.0660119 0.0179942 -0.01)
(0.0660119 0.0179942 0)
(0.0670091 0.0179946 -0.01)
(0.0670091 0.0179946 0)
(0.0680046 0.0179956 -0.01)
(0.0680046 0.0179956 0)
(0.0690013 0.017996 -0.01)
(0.0690013 0.017996 0)
(0.0699999 0.0159729 -0.01)
(0.0699999 0.0159729 0)
(0.0709999 0.0159729 -0.01)
(0.0709999 0.0159729 0)
(0.0699998 0.0170138 -0.01)
(0.0699998 0.0170138 0)
(0.0709997 0.0170138 -0.01)
(0.0709997 0.0170138 0)
(0.0719999 0.0159729 -0.01)
(0.0719999 0.0159729 0)
(0.073 0.0159729 -0.01)
(0.073 0.0159729 0)
(0.0719998 0.0170138 -0.01)
(0.0719998 0.0170138 0)
(0.0729999 0.0170138 -0.01)
(0.0729999 0.0170138 0)
(0.0699998 0.0179961 -0.01)
(0.0699998 0.0179961 0)
(0.0709995 0.0179961 -0.01)
(0.0709995 0.0179961 0)
(0.0719996 0.0179962 -0.01)
(0.0719996 0.0179962 0)
(0.0729997 0.0179962 -0.01)
(0.0729997 0.0179962 0)
(0.074 0.0159729 -0.01)
(0.074 0.0159729 0)
(0.075 0.0159729 -0.01)
(0.075 0.0159729 0)
(0.0739999 0.0170138 -0.01)
(0.0739999 0.0170138 0)
(0.075 0.0170138 -0.01)
(0.075 0.0170138 0)
(0.076 0.0159729 -0.01)
(0.076 0.0159729 0)
(0.077 0.0159729 -0.01)
(0.077 0.0159729 0)
(0.076 0.0170138 -0.01)
(0.076 0.0170138 0)
(0.077 0.0170138 -0.01)
(0.077 0.0170138 0)
(0.0739999 0.0179962 -0.01)
(0.0739999 0.0179962 0)
(0.0749999 0.0179962 -0.01)
(0.0749999 0.0179962 0)
(0.076 0.0179962 -0.01)
(0.076 0.0179962 0)
(0.077 0.0179962 -0.01)
(0.077 0.0179962 0)
(0.078 0.0159729 -0.01)
(0.078 0.0159729 0)
(0.0790001 0.0159729 -0.01)
(0.0790001 0.0159729 0)
(0.078 0.0170138 -0.01)
(0.078 0.0170138 0)
(0.0790001 0.0170138 -0.01)
(0.0790001 0.0170138 0)
(0.0800003 0.0159729 -0.01)
(0.0800003 0.0159729 0)
(0.081001 0.0159729 -0.01)
(0.081001 0.0159729 0)
(0.0800004 0.0170138 -0.01)
(0.0800004 0.0170138 0)
(0.0810014 0.0170137 -0.01)
(0.0810014 0.0170137 0)
(0.0780001 0.0179962 -0.01)
(0.0780001 0.0179962 0)
(0.0790003 0.0179962 -0.01)
(0.0790003 0.0179962 0)
(0.0800009 0.0179962 -0.01)
(0.0800009 0.0179962 0)
(0.0810028 0.017996 -0.01)
(0.0810028 0.017996 0)
(0.0820035 0.0159727 -0.01)
(0.0820035 0.0159727 0)
(0.083011 0.0159719 -0.01)
(0.083011 0.0159719 0)
(0.0820044 0.0170135 -0.01)
(0.0820044 0.0170135 0)
(0.0830127 0.017013 -0.01)
(0.0830127 0.017013 0)
(0.0840307 0.0159696 -0.01)
(0.0840307 0.0159696 0)
(0.0850725 0.0159645 -0.01)
(0.0850725 0.0159645 0)
(0.0840338 0.0170118 -0.01)
(0.0840338 0.0170118 0)
(0.0850772 0.0170094 -0.01)
(0.0850772 0.0170094 0)
(0.0820075 0.0179957 -0.01)
(0.0820075 0.0179957 0)
(0.083019 0.0179949 -0.01)
(0.083019 0.0179949 0)
(0.0840438 0.0179935 -0.01)
(0.0840438 0.0179935 0)
(0.0850913 0.0179917 -0.01)
(0.0850913 0.0179917 0)
(0.0861364 0.0159555 -0.01)
(0.0861364 0.0159555 0)
(0.0871943 0.0159417 -0.01)
(0.0871943 0.0159417 0)
(0.0861436 0.0170058 -0.01)
(0.0861436 0.0170058 0)
(0.0872046 0.0169985 -0.01)
(0.0872046 0.0169985 0)
(0.0881976 0.0159231 -0.01)
(0.0881976 0.0159231 0)
(0.0891244 0.0159008 -0.01)
(0.0891244 0.0159008 0)
(0.0882085 0.0169801 -0.01)
(0.0882085 0.0169801 0)
(0.0891314 0.0169481 -0.01)
(0.0891314 0.0169481 0)
(0.0861605 0.0179908 -0.01)
(0.0861605 0.0179908 0)
(0.0872243 0.0179889 -0.01)
(0.0872243 0.0179889 0)
(0.0882267 0.0179739 -0.01)
(0.0882267 0.0179739 0)
(0.0891427 0.0179403 -0.01)
(0.0891427 0.0179403 0)
(0.0584938 0.0100138 -0.01)
(0.0584938 0.0100138 0)
(0.0592802 0.010235 -0.01)
(0.0592802 0.010235 0)
(0.060031 0.0104461 -0.01)
(0.060031 0.0104461 0)
(0.060816 0.010667 -0.01)
(0.060816 0.010667 0)
(0.0615956 0.0108863 -0.01)
(0.0615956 0.0108863 0)
(0.0624325 0.011 -0.01)
(0.0624325 0.011 0)
(0.0633002 0.011 -0.01)
(0.0633002 0.011 0)
(0.0641859 0.011 -0.01)
(0.0641859 0.011 0)
(0.0651162 0.011 -0.01)
(0.0651162 0.011 0)
(0.0660578 0.011 -0.01)
(0.0660578 0.011 0)
(0.067032 0.011 -0.01)
(0.067032 0.011 0)
(0.0680116 0.011 -0.01)
(0.0680116 0.011 0)
(0.0690055 0.011 -0.01)
(0.0690055 0.011 0)
(0.0700012 0.011 -0.01)
(0.0700012 0.011 0)
(0.0710004 0.011 -0.01)
(0.0710004 0.011 0)
(0.072 0.011 -0.01)
(0.072 0.011 0)
(0.073 0.011 -0.01)
(0.073 0.011 0)
(0.074 0.011 -0.01)
(0.074 0.011 0)
(0.075 0.011 -0.01)
(0.075 0.011 0)
(0.076 0.011 -0.01)
(0.076 0.011 0)
(0.077 0.011 -0.01)
(0.077 0.011 0)
(0.078 0.011 -0.01)
(0.078 0.011 0)
(0.079001 0.011 -0.01)
(0.079001 0.011 0)
(0.0800018 0.011 -0.01)
(0.0800018 0.011 0)
(0.0810117 0.011 -0.01)
(0.0810117 0.011 0)
(0.082021 0.011 -0.01)
(0.082021 0.011 0)
(0.0830654 0.011 -0.01)
(0.0830654 0.011 0)
(0.0840877 0.011 -0.01)
(0.0840877 0.011 0)
(0.0851855 0.011 -0.01)
(0.0851855 0.011 0)
(0.0861782 0.011 -0.01)
(0.0861782 0.011 0)
(0.0872666 0.011 -0.01)
(0.0872666 0.011 0)
(0.0881679 0.011 -0.01)
(0.0881679 0.011 0)
(0.09 0.0118689 -0.01)
(0.09 0.0118689 0)
(0.0891357 0.011 -0.01)
(0.0891357 0.011 0)
(0.09 0.0128372 -0.01)
(0.09 0.0128372 0)
(0.09 0.0137615 -0.01)
(0.09 0.0137615 0)
(0.09 0.0148458 -0.01)
(0.09 0.0148458 0)
(0.09 0.0158764 -0.01)
(0.09 0.0158764 0)
(0.09 0.0169151 -0.01)
(0.09 0.0169151 0)
(0.09 0.0179245 -0.01)
(0.09 0.0179245 0)
(0.09 0.011 -0.01)
(0.09 0.011 0)
)


// ************************************************************************* //
