/*--------------------------------*- C++ -*----------------------------------*\
| =========                 |                                                 |
| \\      /  F ield         | OpenFOAM: The Open Source CFD Toolbox           |
|  \\    /   O peration     | Version:  2306                                  |
|   \\  /    A nd           | Website:  www.openfoam.com                      |
|    \\/     M anipulation  |                                                 |
\*---------------------------------------------------------------------------*/
FoamFile
{
    version     2.0;
    format      ascii;
    arch        "LSB;label=32;scalar=64";
    class       labelList;
    location    "constant/polyMesh";
    object      neighbour;
}
// * * * * * * * * * * * * * * * * * * * * * * * * * * * * * * * * * * * * * //


8674
(
1
3
319
2127
2
318
3
4
5
2127
6
2126
7
2125
8
2124
9
2123
10
2122
11
2121
12
2120
13
2119
14
2118
15
2117
16
2116
17
2115
18
2114
19
2113
20
2112
21
2111
22
2110
23
2109
24
2108
25
2107
26
2106
27
2105
28
2104
29
2103
30
2102
31
2101
32
33
2101
34
346
35
347
36
348
37
349
38
350
39
351
40
352
41
353
42
354
43
355
44
356
45
357
46
358
47
359
48
360
49
361
50
362
51
363
52
364
53
365
54
366
55
367
56
368
57
369
58
370
59
371
60
372
61
373
62
374
63
375
64
376
65
377
66
378
67
379
68
380
69
381
70
382
71
383
72
384
73
385
74
386
75
387
76
388
77
389
78
390
79
391
80
392
81
393
82
394
83
395
84
396
85
397
86
398
87
399
88
400
89
401
90
402
91
403
92
404
93
405
94
406
95
407
96
408
97
409
98
410
99
411
100
412
101
413
102
414
103
415
104
416
105
417
106
418
107
419
108
420
109
421
110
422
111
423
112
424
113
425
114
426
115
427
116
428
117
429
118
430
119
431
120
432
121
122
432
123
433
124
440
125
441
126
127
441
128
442
129
443
130
444
131
445
132
462
133
463
134
464
135
465
136
466
137
467
138
468
139
469
140
486
141
487
142
488
143
489
144
490
145
491
146
492
147
493
148
510
149
514
150
514
151
513
152
515
153
523
154
523
155
524
156
526
157
526
158
527
159
622
160
623
161
623
162
624
163
625
164
631
165
631
166
630
167
629
168
641
169
641
170
640
171
661
172
663
173
664
174
665
175
666
176
667
177
669
178
669
179
670
180
671
181
672
182
673
183
674
184
675
185
677
186
677
187
678
188
679
189
680
190
681
191
682
192
683
193
684
194
685
195
686
196
687
197
688
198
689
199
690
200
691
201
692
202
693
203
694
204
695
205
696
206
697
207
698
208
699
209
700
210
701
211
702
212
213
702
214
703
215
706
216
707
217
710
218
711
219
714
220
715
221
222
715
223
716
224
717
225
897
226
898
227
905
228
904
229
903
230
906
231
913
232
912
233
911
234
914
235
921
236
920
237
919
238
922
239
929
240
928
241
927
242
930
243
937
244
936
245
935
246
938
247
945
248
944
249
943
250
955
251
955
252
954
253
956
254
974
255
974
256
973
257
972
258
971
259
975
260
975
261
976
262
1613
263
1617
264
1617
265
1616
266
1618
267
1625
268
1626
269
1626
270
1627
271
1628
272
1674
273
1674
274
1673
275
1672
276
1675
277
1747
278
1747
279
1746
280
1748
281
1756
282
1756
283
1755
284
1754
285
1753
286
1766
287
1766
288
1765
289
1767
290
1769
291
1769
292
1770
293
1929
294
1928
295
1927
296
1926
297
1925
298
1924
299
1930
300
1930
301
1931
302
1964
303
1965
304
1966
305
1967
306
1968
307
1969
308
1970
309
1971
310
2084
311
2085
312
2086
313
2087
314
2088
315
2089
316
2090
317
2091
318
2100
319
320
2100
321
2099
2127
322
2098
2126
323
2097
2125
324
2096
2124
325
2047
2123
326
2046
2122
327
2045
2121
328
2044
2120
329
2043
2119
330
2042
2118
331
2041
2117
332
2040
2116
333
1544
2115
334
1543
2114
335
1542
2113
336
1541
2112
337
1540
2111
338
1539
2110
339
1538
2109
340
1537
2108
341
1472
2107
342
1471
2106
343
1470
2105
344
1469
2104
345
1468
2103
346
1467
2102
347
2101
348
1467
349
1466
350
1433
351
1432
352
1431
353
1430
354
1429
355
1428
356
1427
357
1426
358
1265
359
1264
360
1263
361
1262
362
1261
363
1260
364
1259
365
1258
366
1225
367
1224
368
1223
369
1222
370
1221
371
1220
372
1219
373
1218
374
1057
375
1056
376
1055
377
1054
378
1053
379
1052
380
1051
381
1050
382
1017
383
1016
384
1015
385
1014
386
1013
387
1012
388
1011
389
1010
390
579
391
578
392
577
393
576
394
575
395
574
396
573
397
572
398
539
399
538
400
537
401
536
402
535
403
534
404
533
405
532
406
502
407
501
408
500
409
499
410
498
411
497
412
496
413
495
414
478
415
477
416
476
417
475
418
474
419
473
420
472
421
471
422
454
423
453
424
452
425
451
426
450
427
449
428
448
429
447
430
436
431
435
432
434
433
434
440
435
439
436
438
437
447
438
444
446
439
443
440
442
441
442
443
444
445
446
462
447
461
448
449
461
450
460
451
459
452
458
453
457
454
456
455
471
456
468
470
457
467
458
466
459
465
460
464
461
463
462
463
464
465
466
467
468
469
470
486
471
485
472
473
485
474
484
475
483
476
482
477
481
478
480
479
495
480
492
494
481
491
482
490
483
489
484
488
485
487
486
487
488
489
490
491
492
493
494
510
495
509
496
497
509
498
508
499
507
500
506
501
505
502
504
503
532
504
519
531
505
518
506
517
507
516
508
512
509
511
510
511
512
514
513
516
514
515
516
522
517
518
522
519
521
520
530
521
525
529
522
524
523
524
525
526
528
527
528
622
529
553
530
552
531
547
532
546
533
534
546
535
545
536
544
537
543
538
542
539
541
540
572
541
561
571
542
560
543
559
544
558
545
549
546
548
547
548
552
549
551
550
558
551
555
557
552
554
553
554
622
555
621
556
620
557
565
619
558
564
559
560
564
561
563
562
570
563
567
569
564
566
565
566
618
567
617
568
616
569
593
615
570
592
571
587
572
586
573
574
586
575
585
576
584
577
583
578
582
579
581
580
1010
581
601
1009
582
600
583
599
584
598
585
589
586
588
587
588
592
589
591
590
598
591
595
597
592
594
593
594
614
595
613
596
612
597
605
611
598
604
599
600
604
601
603
602
1008
603
607
1007
604
606
605
606
610
607
609
608
1006
609
649
1005
610
648
611
647
612
646
613
636
614
635
615
634
616
633
617
628
618
627
619
626
620
625
621
624
622
623
624
625
626
627
631
628
630
629
633
630
632
631
633
639
641
634
635
639
636
638
637
646
638
643
645
639
642
640
641
642
643
661
644
660
645
653
659
646
652
647
648
652
649
651
650
1004
651
655
1003
652
654
653
654
658
655
657
656
1002
657
852
1001
658
851
659
850
660
849
661
848
662
663
846
848
664
843
665
842
666
839
667
838
668
835
669
826
834
670
671
826
672
825
673
824
674
823
675
814
676
813
677
811
812
678
679
811
680
800
681
799
682
796
683
795
684
784
685
783
686
780
687
779
688
768
689
767
690
764
691
763
692
752
693
751
694
748
695
747
696
736
697
735
698
732
699
731
700
724
701
723
702
704
703
704
706
705
723
706
708
722
707
708
710
709
721
710
712
720
711
712
714
713
719
714
716
718
715
716
717
718
897
719
896
720
895
721
727
722
726
723
725
724
725
731
726
730
727
729
728
895
729
741
894
730
740
731
733
732
733
735
734
740
735
737
739
736
737
747
738
746
739
743
745
740
742
741
742
893
743
892
744
891
745
757
890
746
756
747
749
748
749
751
750
756
751
753
755
752
753
763
754
762
755
759
761
756
758
757
758
889
759
888
760
887
761
773
886
762
772
763
765
764
765
767
766
772
767
769
771
768
769
779
770
778
771
775
777
772
774
773
774
885
775
884
776
883
777
789
882
778
788
779
781
780
781
783
782
788
783
785
787
784
785
795
786
794
787
791
793
788
790
789
790
881
791
880
792
879
793
805
878
794
804
795
797
796
797
799
798
804
799
801
803
800
801
811
802
810
803
807
809
804
806
805
806
877
807
876
808
875
809
818
874
810
817
811
812
813
817
814
816
815
823
816
820
822
817
819
818
819
873
820
872
821
871
822
830
870
823
829
824
825
829
826
828
827
828
832
834
829
831
830
831
869
832
868
833
867
834
836
866
835
836
838
837
865
838
840
864
839
840
842
841
863
842
844
862
843
844
846
845
861
846
858
860
847
848
856
858
849
850
856
851
855
852
854
853
1000
854
997
999
855
996
856
995
857
858
993
995
859
860
983
993
861
982
862
981
863
980
864
963
865
962
866
961
867
960
868
950
869
949
870
948
871
947
872
942
873
941
874
940
875
939
876
934
877
933
878
932
879
931
880
926
881
925
882
924
883
923
884
918
885
917
886
916
887
915
888
910
889
909
890
908
891
907
892
902
893
901
894
900
895
899
896
897
899
898
899
905
900
901
905
902
904
903
907
904
906
905
907
913
908
909
913
910
912
911
915
912
914
913
915
921
916
917
921
918
920
919
923
920
922
921
923
929
924
925
929
926
928
927
931
928
930
929
931
937
932
933
937
934
936
935
939
936
938
937
939
945
940
941
945
942
944
943
947
944
946
945
947
953
955
948
949
953
950
952
951
960
952
957
959
953
956
954
955
956
957
958
974
959
967
973
960
966
961
962
966
963
965
964
980
965
969
979
966
968
967
968
972
969
971
970
978
971
975
977
972
973
974
976
977
1613
978
1612
979
987
980
986
981
982
986
983
985
984
992
985
989
991
986
988
987
988
1612
989
1611
990
1610
991
1591
1609
992
1590
993
1589
994
995
1587
1589
996
997
1587
998
1586
999
1135
1585
1000
1134
1001
1129
1002
1128
1003
1107
1004
1106
1005
1101
1006
1100
1007
1031
1008
1030
1009
1025
1010
1024
1011
1012
1024
1013
1023
1014
1022
1015
1021
1016
1020
1017
1019
1018
1050
1019
1039
1049
1020
1038
1021
1037
1022
1036
1023
1027
1024
1026
1025
1026
1030
1027
1029
1028
1036
1029
1033
1035
1030
1032
1031
1032
1100
1033
1099
1034
1098
1035
1043
1097
1036
1042
1037
1038
1042
1039
1041
1040
1048
1041
1045
1047
1042
1044
1043
1044
1096
1045
1095
1046
1094
1047
1071
1093
1048
1070
1049
1065
1050
1064
1051
1052
1064
1053
1063
1054
1062
1055
1061
1056
1060
1057
1059
1058
1218
1059
1079
1217
1060
1078
1061
1077
1062
1076
1063
1067
1064
1066
1065
1066
1070
1067
1069
1068
1076
1069
1073
1075
1070
1072
1071
1072
1092
1073
1091
1074
1090
1075
1083
1089
1076
1082
1077
1078
1082
1079
1081
1080
1216
1081
1085
1215
1082
1084
1083
1084
1088
1085
1087
1086
1214
1087
1171
1213
1088
1170
1089
1169
1090
1168
1091
1159
1092
1158
1093
1157
1094
1156
1095
1115
1096
1114
1097
1113
1098
1112
1099
1103
1100
1102
1101
1102
1106
1103
1105
1104
1112
1105
1109
1111
1106
1108
1107
1108
1128
1109
1127
1110
1126
1111
1119
1125
1112
1118
1113
1114
1118
1115
1117
1116
1156
1117
1121
1155
1118
1120
1119
1120
1124
1121
1123
1122
1154
1123
1143
1153
1124
1142
1125
1141
1126
1140
1127
1131
1128
1130
1129
1130
1134
1131
1133
1132
1140
1133
1137
1139
1134
1136
1135
1136
1584
1137
1583
1138
1582
1139
1147
1581
1140
1146
1141
1142
1146
1143
1145
1144
1152
1145
1149
1151
1146
1148
1147
1148
1580
1149
1579
1150
1578
1151
1191
1577
1152
1190
1153
1185
1154
1184
1155
1163
1156
1162
1157
1158
1162
1159
1161
1160
1168
1161
1165
1167
1162
1164
1163
1164
1184
1165
1183
1166
1182
1167
1175
1181
1168
1174
1169
1170
1174
1171
1173
1172
1212
1173
1177
1211
1174
1176
1175
1176
1180
1177
1179
1178
1210
1179
1199
1209
1180
1198
1181
1197
1182
1196
1183
1187
1184
1186
1185
1186
1190
1187
1189
1188
1196
1189
1193
1195
1190
1192
1191
1192
1576
1193
1575
1194
1574
1195
1203
1573
1196
1202
1197
1198
1202
1199
1201
1200
1208
1201
1205
1207
1202
1204
1203
1204
1572
1205
1571
1206
1570
1207
1343
1569
1208
1342
1209
1337
1210
1336
1211
1315
1212
1314
1213
1309
1214
1308
1215
1239
1216
1238
1217
1233
1218
1232
1219
1220
1232
1221
1231
1222
1230
1223
1229
1224
1228
1225
1227
1226
1258
1227
1247
1257
1228
1246
1229
1245
1230
1244
1231
1235
1232
1234
1233
1234
1238
1235
1237
1236
1244
1237
1241
1243
1238
1240
1239
1240
1308
1241
1307
1242
1306
1243
1251
1305
1244
1250
1245
1246
1250
1247
1249
1248
1256
1249
1253
1255
1250
1252
1251
1252
1304
1253
1303
1254
1302
1255
1279
1301
1256
1278
1257
1273
1258
1272
1259
1260
1272
1261
1271
1262
1270
1263
1269
1264
1268
1265
1267
1266
1426
1267
1287
1425
1268
1286
1269
1285
1270
1284
1271
1275
1272
1274
1273
1274
1278
1275
1277
1276
1284
1277
1281
1283
1278
1280
1279
1280
1300
1281
1299
1282
1298
1283
1291
1297
1284
1290
1285
1286
1290
1287
1289
1288
1424
1289
1293
1423
1290
1292
1291
1292
1296
1293
1295
1294
1422
1295
1379
1421
1296
1378
1297
1377
1298
1376
1299
1367
1300
1366
1301
1365
1302
1364
1303
1323
1304
1322
1305
1321
1306
1320
1307
1311
1308
1310
1309
1310
1314
1311
1313
1312
1320
1313
1317
1319
1314
1316
1315
1316
1336
1317
1335
1318
1334
1319
1327
1333
1320
1326
1321
1322
1326
1323
1325
1324
1364
1325
1329
1363
1326
1328
1327
1328
1332
1329
1331
1330
1362
1331
1351
1361
1332
1350
1333
1349
1334
1348
1335
1339
1336
1338
1337
1338
1342
1339
1341
1340
1348
1341
1345
1347
1342
1344
1343
1344
1568
1345
1567
1346
1566
1347
1355
1565
1348
1354
1349
1350
1354
1351
1353
1352
1360
1353
1357
1359
1354
1356
1355
1356
1564
1357
1563
1358
1562
1359
1399
1561
1360
1398
1361
1393
1362
1392
1363
1371
1364
1370
1365
1366
1370
1367
1369
1368
1376
1369
1373
1375
1370
1372
1371
1372
1392
1373
1391
1374
1390
1375
1383
1389
1376
1382
1377
1378
1382
1379
1381
1380
1420
1381
1385
1419
1382
1384
1383
1384
1388
1385
1387
1386
1418
1387
1407
1417
1388
1406
1389
1405
1390
1404
1391
1395
1392
1394
1393
1394
1398
1395
1397
1396
1404
1397
1401
1403
1398
1400
1399
1400
1560
1401
1559
1402
1558
1403
1411
1557
1404
1410
1405
1406
1410
1407
1409
1408
1416
1409
1413
1415
1410
1412
1411
1412
1556
1413
1555
1414
1554
1415
1515
1553
1416
1514
1417
1509
1418
1508
1419
1487
1420
1486
1421
1481
1422
1480
1423
1447
1424
1446
1425
1441
1426
1440
1427
1428
1440
1429
1439
1430
1438
1431
1437
1432
1436
1433
1435
1434
1466
1435
1455
1465
1436
1454
1437
1453
1438
1452
1439
1443
1440
1442
1441
1442
1446
1443
1445
1444
1452
1445
1449
1451
1446
1448
1447
1448
1480
1449
1479
1450
1478
1451
1459
1477
1452
1458
1453
1454
1458
1455
1457
1456
1464
1457
1461
1463
1458
1460
1459
1460
1476
1461
1475
1462
1474
1463
1471
1473
1464
1470
1465
1469
1466
1468
1467
1468
1469
1470
1471
1472
1473
1537
1474
1536
1475
1495
1476
1494
1477
1493
1478
1492
1479
1483
1480
1482
1481
1482
1486
1483
1485
1484
1492
1485
1489
1491
1486
1488
1487
1488
1508
1489
1507
1490
1506
1491
1499
1505
1492
1498
1493
1494
1498
1495
1497
1496
1536
1497
1501
1535
1498
1500
1499
1500
1504
1501
1503
1502
1534
1503
1523
1533
1504
1522
1505
1521
1506
1520
1507
1511
1508
1510
1509
1510
1514
1511
1513
1512
1520
1513
1517
1519
1514
1516
1515
1516
1552
1517
1551
1518
1550
1519
1527
1549
1520
1526
1521
1522
1526
1523
1525
1524
1532
1525
1529
1531
1526
1528
1527
1528
1548
1529
1547
1530
1546
1531
1543
1545
1532
1542
1533
1541
1534
1540
1535
1539
1536
1538
1537
1538
1539
1540
1541
1542
1543
1544
1545
2040
1546
2039
1547
1998
1548
1997
1549
1996
1550
1995
1551
1986
1552
1985
1553
1984
1554
1983
1555
1852
1556
1851
1557
1850
1558
1849
1559
1840
1560
1839
1561
1838
1562
1837
1563
1796
1564
1795
1565
1794
1566
1793
1567
1784
1568
1783
1569
1782
1570
1781
1571
1701
1572
1700
1573
1699
1574
1698
1575
1689
1576
1688
1577
1687
1578
1686
1579
1641
1580
1640
1581
1639
1582
1638
1583
1599
1584
1598
1585
1597
1586
1596
1587
1595
1588
1589
1593
1595
1590
1591
1593
1592
1608
1593
1605
1607
1594
1595
1603
1605
1596
1597
1603
1598
1602
1599
1601
1600
1638
1601
1635
1637
1602
1634
1603
1633
1604
1605
1631
1633
1606
1607
1622
1631
1608
1621
1609
1620
1610
1619
1611
1615
1612
1614
1613
1614
1615
1617
1616
1619
1617
1618
1619
1625
1620
1621
1625
1622
1624
1623
1630
1624
1627
1629
1625
1626
1627
1628
1629
1657
1630
1656
1631
1655
1632
1633
1653
1655
1634
1635
1653
1636
1652
1637
1645
1651
1638
1644
1639
1640
1644
1641
1643
1642
1686
1643
1647
1685
1644
1646
1645
1646
1650
1647
1649
1648
1684
1649
1665
1683
1650
1664
1651
1663
1652
1662
1653
1661
1654
1655
1659
1661
1656
1657
1659
1658
1674
1659
1671
1673
1660
1661
1669
1671
1662
1663
1669
1664
1668
1665
1667
1666
1682
1667
1679
1681
1668
1678
1669
1677
1670
1671
1675
1677
1672
1673
1675
1674
1676
1677
1745
1747
1678
1679
1745
1680
1744
1681
1721
1743
1682
1720
1683
1715
1684
1714
1685
1693
1686
1692
1687
1688
1692
1689
1691
1690
1698
1691
1695
1697
1692
1694
1693
1694
1714
1695
1713
1696
1712
1697
1705
1711
1698
1704
1699
1700
1704
1701
1703
1702
1781
1703
1707
1780
1704
1706
1705
1706
1710
1707
1709
1708
1779
1709
1729
1778
1710
1728
1711
1727
1712
1726
1713
1717
1714
1716
1715
1716
1720
1717
1719
1718
1726
1719
1723
1725
1720
1722
1721
1722
1742
1723
1741
1724
1740
1725
1733
1739
1726
1732
1727
1728
1732
1729
1731
1730
1777
1731
1735
1776
1732
1734
1733
1734
1738
1735
1737
1736
1775
1737
1761
1774
1738
1760
1739
1759
1740
1758
1741
1752
1742
1751
1743
1750
1744
1749
1745
1748
1746
1747
1748
1749
1750
1756
1751
1755
1752
1754
1753
1758
1754
1757
1755
1756
1758
1764
1766
1759
1760
1764
1761
1763
1762
1773
1763
1768
1772
1764
1767
1765
1766
1767
1768
1769
1771
1770
1771
1929
1772
1908
1773
1907
1774
1902
1775
1901
1776
1816
1777
1815
1778
1810
1779
1809
1780
1788
1781
1787
1782
1783
1787
1784
1786
1785
1793
1786
1790
1792
1787
1789
1788
1789
1809
1790
1808
1791
1807
1792
1800
1806
1793
1799
1794
1795
1799
1796
1798
1797
1837
1798
1802
1836
1799
1801
1800
1801
1805
1802
1804
1803
1835
1804
1824
1834
1805
1823
1806
1822
1807
1821
1808
1812
1809
1811
1810
1811
1815
1812
1814
1813
1821
1814
1818
1820
1815
1817
1816
1817
1901
1818
1900
1819
1899
1820
1828
1898
1821
1827
1822
1823
1827
1824
1826
1825
1833
1826
1830
1832
1827
1829
1828
1829
1897
1830
1896
1831
1895
1832
1872
1894
1833
1871
1834
1866
1835
1865
1836
1844
1837
1843
1838
1839
1843
1840
1842
1841
1849
1842
1846
1848
1843
1845
1844
1845
1865
1846
1864
1847
1863
1848
1856
1862
1849
1855
1850
1851
1855
1852
1854
1853
1983
1854
1858
1982
1855
1857
1856
1857
1861
1858
1860
1859
1981
1860
1880
1980
1861
1879
1862
1878
1863
1877
1864
1868
1865
1867
1866
1867
1871
1868
1870
1869
1877
1870
1874
1876
1871
1873
1872
1873
1893
1874
1892
1875
1891
1876
1884
1890
1877
1883
1878
1879
1883
1880
1882
1881
1979
1882
1886
1978
1883
1885
1884
1885
1889
1886
1888
1887
1977
1888
1950
1976
1889
1949
1890
1948
1891
1947
1892
1938
1893
1937
1894
1936
1895
1935
1896
1916
1897
1915
1898
1914
1899
1913
1900
1904
1901
1903
1902
1903
1907
1904
1906
1905
1913
1906
1910
1912
1907
1909
1908
1909
1929
1910
1928
1911
1927
1912
1920
1926
1913
1919
1914
1915
1919
1916
1918
1917
1935
1918
1922
1934
1919
1921
1920
1921
1925
1922
1924
1923
1933
1924
1930
1932
1925
1926
1927
1928
1929
1931
1932
1964
1933
1963
1934
1942
1935
1941
1936
1937
1941
1938
1940
1939
1947
1940
1944
1946
1941
1943
1942
1943
1963
1944
1962
1945
1961
1946
1954
1960
1947
1953
1948
1949
1953
1950
1952
1951
1975
1952
1956
1974
1953
1955
1954
1955
1959
1956
1958
1957
1973
1958
1970
1972
1959
1969
1960
1968
1961
1967
1962
1966
1963
1965
1964
1965
1966
1967
1968
1969
1970
1971
1972
2084
1973
2083
1974
2062
1975
2061
1976
2056
1977
2055
1978
2018
1979
2017
1980
2012
1981
2011
1982
1990
1983
1989
1984
1985
1989
1986
1988
1987
1995
1988
1992
1994
1989
1991
1990
1991
2011
1992
2010
1993
2009
1994
2002
2008
1995
2001
1996
1997
2001
1998
2000
1999
2039
2000
2004
2038
2001
2003
2002
2003
2007
2004
2006
2005
2037
2006
2026
2036
2007
2025
2008
2024
2009
2023
2010
2014
2011
2013
2012
2013
2017
2014
2016
2015
2023
2016
2020
2022
2017
2019
2018
2019
2055
2020
2054
2021
2053
2022
2030
2052
2023
2029
2024
2025
2029
2026
2028
2027
2035
2028
2032
2034
2029
2031
2030
2031
2051
2032
2050
2033
2049
2034
2046
2048
2035
2045
2036
2044
2037
2043
2038
2042
2039
2041
2040
2041
2042
2043
2044
2045
2046
2047
2048
2096
2049
2095
2050
2070
2051
2069
2052
2068
2053
2067
2054
2058
2055
2057
2056
2057
2061
2058
2060
2059
2067
2060
2064
2066
2061
2063
2062
2063
2083
2064
2082
2065
2081
2066
2074
2080
2067
2073
2068
2069
2073
2070
2072
2071
2095
2072
2076
2094
2073
2075
2074
2075
2079
2076
2078
2077
2093
2078
2090
2092
2079
2089
2080
2088
2081
2087
2082
2086
2083
2085
2084
2085
2086
2087
2088
2089
2090
2091
2092
2100
2093
2099
2094
2098
2095
2097
2096
2097
2098
2099
2100
2102
2103
2104
2105
2106
2107
2108
2109
2110
2111
2112
2113
2114
2115
2116
2117
2118
2119
2120
2121
2122
2123
2124
2125
2126
2127
-1
-1
-1
-1
-1
-1
-1
-1
-1
-1
-1
-1
-1
-1
-1
-1
-1
-1
-1
-1
-1
-1
-1
-1
-1
-1
-1
-1
-1
-1
-1
-1
-1
-1
-1
-1
-1
-1
-1
-1
-1
-1
-1
-1
-1
-1
-1
-1
-1
-1
-1
-1
-1
-1
-1
-1
-1
-1
-1
-1
-1
-1
-1
-1
-1
-1
-1
-1
-1
-1
-1
-1
-1
-1
-1
-1
-1
-1
-1
-1
-1
-1
-1
-1
-1
-1
-1
-1
-1
-1
-1
-1
-1
-1
-1
-1
-1
-1
-1
-1
-1
-1
-1
-1
-1
-1
-1
-1
-1
-1
-1
-1
-1
-1
-1
-1
-1
-1
-1
-1
-1
-1
-1
-1
-1
-1
-1
-1
-1
-1
-1
-1
-1
-1
-1
-1
-1
-1
-1
-1
-1
-1
-1
-1
-1
-1
-1
-1
-1
-1
-1
-1
-1
-1
-1
-1
-1
-1
-1
-1
-1
-1
-1
-1
-1
-1
-1
-1
-1
-1
-1
-1
-1
-1
-1
-1
-1
-1
-1
-1
-1
-1
-1
-1
-1
-1
-1
-1
-1
-1
-1
-1
-1
-1
-1
-1
-1
-1
-1
-1
-1
-1
-1
-1
-1
-1
-1
-1
-1
-1
-1
-1
-1
-1
-1
-1
-1
-1
-1
-1
-1
-1
-1
-1
-1
-1
-1
-1
-1
-1
-1
-1
-1
-1
-1
-1
-1
-1
-1
-1
-1
-1
-1
-1
-1
-1
-1
-1
-1
-1
-1
-1
-1
-1
-1
-1
-1
-1
-1
-1
-1
-1
-1
-1
-1
-1
-1
-1
-1
-1
-1
-1
-1
-1
-1
-1
-1
-1
-1
-1
-1
-1
-1
-1
-1
-1
-1
-1
-1
-1
-1
-1
-1
-1
-1
-1
-1
-1
-1
-1
-1
-1
-1
-1
-1
-1
-1
-1
-1
-1
-1
-1
-1
-1
-1
-1
-1
-1
-1
-1
-1
-1
-1
-1
-1
-1
-1
-1
-1
-1
-1
-1
-1
-1
-1
-1
-1
-1
-1
-1
-1
-1
-1
-1
-1
-1
-1
-1
-1
-1
-1
-1
-1
-1
-1
-1
-1
-1
-1
-1
-1
-1
-1
-1
-1
-1
-1
-1
-1
-1
-1
-1
-1
-1
-1
-1
-1
-1
-1
-1
-1
-1
-1
-1
-1
-1
-1
-1
-1
-1
-1
-1
-1
-1
-1
-1
-1
-1
-1
-1
-1
-1
-1
-1
-1
-1
-1
-1
-1
-1
-1
-1
-1
-1
-1
-1
-1
-1
-1
-1
-1
-1
-1
-1
-1
-1
-1
-1
-1
-1
-1
-1
-1
-1
-1
-1
-1
-1
-1
-1
-1
-1
-1
-1
-1
-1
-1
-1
-1
-1
-1
-1
-1
-1
-1
-1
-1
-1
-1
-1
-1
-1
-1
-1
-1
-1
-1
-1
-1
-1
-1
-1
-1
-1
-1
-1
-1
-1
-1
-1
-1
-1
-1
-1
-1
-1
-1
-1
-1
-1
-1
-1
-1
-1
-1
-1
-1
-1
-1
-1
-1
-1
-1
-1
-1
-1
-1
-1
-1
-1
-1
-1
-1
-1
-1
-1
-1
-1
-1
-1
-1
-1
-1
-1
-1
-1
-1
-1
-1
-1
-1
-1
-1
-1
-1
-1
-1
-1
-1
-1
-1
-1
-1
-1
-1
-1
-1
-1
-1
-1
-1
-1
-1
-1
-1
-1
-1
-1
-1
-1
-1
-1
-1
-1
-1
-1
-1
-1
-1
-1
-1
-1
-1
-1
-1
-1
-1
-1
-1
-1
-1
-1
-1
-1
-1
-1
-1
-1
-1
-1
-1
-1
-1
-1
-1
-1
-1
-1
-1
-1
-1
-1
-1
-1
-1
-1
-1
-1
-1
-1
-1
-1
-1
-1
-1
-1
-1
-1
-1
-1
-1
-1
-1
-1
-1
-1
-1
-1
-1
-1
-1
-1
-1
-1
-1
-1
-1
-1
-1
-1
-1
-1
-1
-1
-1
-1
-1
-1
-1
-1
-1
-1
-1
-1
-1
-1
-1
-1
-1
-1
-1
-1
-1
-1
-1
-1
-1
-1
-1
-1
-1
-1
-1
-1
-1
-1
-1
-1
-1
-1
-1
-1
-1
-1
-1
-1
-1
-1
-1
-1
-1
-1
-1
-1
-1
-1
-1
-1
-1
-1
-1
-1
-1
-1
-1
-1
-1
-1
-1
-1
-1
-1
-1
-1
-1
-1
-1
-1
-1
-1
-1
-1
-1
-1
-1
-1
-1
-1
-1
-1
-1
-1
-1
-1
-1
-1
-1
-1
-1
-1
-1
-1
-1
-1
-1
-1
-1
-1
-1
-1
-1
-1
-1
-1
-1
-1
-1
-1
-1
-1
-1
-1
-1
-1
-1
-1
-1
-1
-1
-1
-1
-1
-1
-1
-1
-1
-1
-1
-1
-1
-1
-1
-1
-1
-1
-1
-1
-1
-1
-1
-1
-1
-1
-1
-1
-1
-1
-1
-1
-1
-1
-1
-1
-1
-1
-1
-1
-1
-1
-1
-1
-1
-1
-1
-1
-1
-1
-1
-1
-1
-1
-1
-1
-1
-1
-1
-1
-1
-1
-1
-1
-1
-1
-1
-1
-1
-1
-1
-1
-1
-1
-1
-1
-1
-1
-1
-1
-1
-1
-1
-1
-1
-1
-1
-1
-1
-1
-1
-1
-1
-1
-1
-1
-1
-1
-1
-1
-1
-1
-1
-1
-1
-1
-1
-1
-1
-1
-1
-1
-1
-1
-1
-1
-1
-1
-1
-1
-1
-1
-1
-1
-1
-1
-1
-1
-1
-1
-1
-1
-1
-1
-1
-1
-1
-1
-1
-1
-1
-1
-1
-1
-1
-1
-1
-1
-1
-1
-1
-1
-1
-1
-1
-1
-1
-1
-1
-1
-1
-1
-1
-1
-1
-1
-1
-1
-1
-1
-1
-1
-1
-1
-1
-1
-1
-1
-1
-1
-1
-1
-1
-1
-1
-1
-1
-1
-1
-1
-1
-1
-1
-1
-1
-1
-1
-1
-1
-1
-1
-1
-1
-1
-1
-1
-1
-1
-1
-1
-1
-1
-1
-1
-1
-1
-1
-1
-1
-1
-1
-1
-1
-1
-1
-1
-1
-1
-1
-1
-1
-1
-1
-1
-1
-1
-1
-1
-1
-1
-1
-1
-1
-1
-1
-1
-1
-1
-1
-1
-1
-1
-1
-1
-1
-1
-1
-1
-1
-1
-1
-1
-1
-1
-1
-1
-1
-1
-1
-1
-1
-1
-1
-1
-1
-1
-1
-1
-1
-1
-1
-1
-1
-1
-1
-1
-1
-1
-1
-1
-1
-1
-1
-1
-1
-1
-1
-1
-1
-1
-1
-1
-1
-1
-1
-1
-1
-1
-1
-1
-1
-1
-1
-1
-1
-1
-1
-1
-1
-1
-1
-1
-1
-1
-1
-1
-1
-1
-1
-1
-1
-1
-1
-1
-1
-1
-1
-1
-1
-1
-1
-1
-1
-1
-1
-1
-1
-1
-1
-1
-1
-1
-1
-1
-1
-1
-1
-1
-1
-1
-1
-1
-1
-1
-1
-1
-1
-1
-1
-1
-1
-1
-1
-1
-1
-1
-1
-1
-1
-1
-1
-1
-1
-1
-1
-1
-1
-1
-1
-1
-1
-1
-1
-1
-1
-1
-1
-1
-1
-1
-1
-1
-1
-1
-1
-1
-1
-1
-1
-1
-1
-1
-1
-1
-1
-1
-1
-1
-1
-1
-1
-1
-1
-1
-1
-1
-1
-1
-1
-1
-1
-1
-1
-1
-1
-1
-1
-1
-1
-1
-1
-1
-1
-1
-1
-1
-1
-1
-1
-1
-1
-1
-1
-1
-1
-1
-1
-1
-1
-1
-1
-1
-1
-1
-1
-1
-1
-1
-1
-1
-1
-1
-1
-1
-1
-1
-1
-1
-1
-1
-1
-1
-1
-1
-1
-1
-1
-1
-1
-1
-1
-1
-1
-1
-1
-1
-1
-1
-1
-1
-1
-1
-1
-1
-1
-1
-1
-1
-1
-1
-1
-1
-1
-1
-1
-1
-1
-1
-1
-1
-1
-1
-1
-1
-1
-1
-1
-1
-1
-1
-1
-1
-1
-1
-1
-1
-1
-1
-1
-1
-1
-1
-1
-1
-1
-1
-1
-1
-1
-1
-1
-1
-1
-1
-1
-1
-1
-1
-1
-1
-1
-1
-1
-1
-1
-1
-1
-1
-1
-1
-1
-1
-1
-1
-1
-1
-1
-1
-1
-1
-1
-1
-1
-1
-1
-1
-1
-1
-1
-1
-1
-1
-1
-1
-1
-1
-1
-1
-1
-1
-1
-1
-1
-1
-1
-1
-1
-1
-1
-1
-1
-1
-1
-1
-1
-1
-1
-1
-1
-1
-1
-1
-1
-1
-1
-1
-1
-1
-1
-1
-1
-1
-1
-1
-1
-1
-1
-1
-1
-1
-1
-1
-1
-1
-1
-1
-1
-1
-1
-1
-1
-1
-1
-1
-1
-1
-1
-1
-1
-1
-1
-1
-1
-1
-1
-1
-1
-1
-1
-1
-1
-1
-1
-1
-1
-1
-1
-1
-1
-1
-1
-1
-1
-1
-1
-1
-1
-1
-1
-1
-1
-1
-1
-1
-1
-1
-1
-1
-1
-1
-1
-1
-1
-1
-1
-1
-1
-1
-1
-1
-1
-1
-1
-1
-1
-1
-1
-1
-1
-1
-1
-1
-1
-1
-1
-1
-1
-1
-1
-1
-1
-1
-1
-1
-1
-1
-1
-1
-1
-1
-1
-1
-1
-1
-1
-1
-1
-1
-1
-1
-1
-1
-1
-1
-1
-1
-1
-1
-1
-1
-1
-1
-1
-1
-1
-1
-1
-1
-1
-1
-1
-1
-1
-1
-1
-1
-1
-1
-1
-1
-1
-1
-1
-1
-1
-1
-1
-1
-1
-1
-1
-1
-1
-1
-1
-1
-1
-1
-1
-1
-1
-1
-1
-1
-1
-1
-1
-1
-1
-1
-1
-1
-1
-1
-1
-1
-1
-1
-1
-1
-1
-1
-1
-1
-1
-1
-1
-1
-1
-1
-1
-1
-1
-1
-1
-1
-1
-1
-1
-1
-1
-1
-1
-1
-1
-1
-1
-1
-1
-1
-1
-1
-1
-1
-1
-1
-1
-1
-1
-1
-1
-1
-1
-1
-1
-1
-1
-1
-1
-1
-1
-1
-1
-1
-1
-1
-1
-1
-1
-1
-1
-1
-1
-1
-1
-1
-1
-1
-1
-1
-1
-1
-1
-1
-1
-1
-1
-1
-1
-1
-1
-1
-1
-1
-1
-1
-1
-1
-1
-1
-1
-1
-1
-1
-1
-1
-1
-1
-1
-1
-1
-1
-1
-1
-1
-1
-1
-1
-1
-1
-1
-1
-1
-1
-1
-1
-1
-1
-1
-1
-1
-1
-1
-1
-1
-1
-1
-1
-1
-1
-1
-1
-1
-1
-1
-1
-1
-1
-1
-1
-1
-1
-1
-1
-1
-1
-1
-1
-1
-1
-1
-1
-1
-1
-1
-1
-1
-1
-1
-1
-1
-1
-1
-1
-1
-1
-1
-1
-1
-1
-1
-1
-1
-1
-1
-1
-1
-1
-1
-1
-1
-1
-1
-1
-1
-1
-1
-1
-1
-1
-1
-1
-1
-1
-1
-1
-1
-1
-1
-1
-1
-1
-1
-1
-1
-1
-1
-1
-1
-1
-1
-1
-1
-1
-1
-1
-1
-1
-1
-1
-1
-1
-1
-1
-1
-1
-1
-1
-1
-1
-1
-1
-1
-1
-1
-1
-1
-1
-1
-1
-1
-1
-1
-1
-1
-1
-1
-1
-1
-1
-1
-1
-1
-1
-1
-1
-1
-1
-1
-1
-1
-1
-1
-1
-1
-1
-1
-1
-1
-1
-1
-1
-1
-1
-1
-1
-1
-1
-1
-1
-1
-1
-1
-1
-1
-1
-1
-1
-1
-1
-1
-1
-1
-1
-1
-1
-1
-1
-1
-1
-1
-1
-1
-1
-1
-1
-1
-1
-1
-1
-1
-1
-1
-1
-1
-1
-1
-1
-1
-1
-1
-1
-1
-1
-1
-1
-1
-1
-1
-1
-1
-1
-1
-1
-1
-1
-1
-1
-1
-1
-1
-1
-1
-1
-1
-1
-1
-1
-1
-1
-1
-1
-1
-1
-1
-1
-1
-1
-1
-1
-1
-1
-1
-1
-1
-1
-1
-1
-1
-1
-1
-1
-1
-1
-1
-1
-1
-1
-1
-1
-1
-1
-1
-1
-1
-1
-1
-1
-1
-1
-1
-1
-1
-1
-1
-1
-1
-1
-1
-1
-1
-1
-1
-1
-1
-1
-1
-1
-1
-1
-1
-1
-1
-1
-1
-1
-1
-1
-1
-1
-1
-1
-1
-1
-1
-1
-1
-1
-1
-1
-1
-1
-1
-1
-1
-1
-1
-1
-1
-1
-1
-1
-1
-1
-1
-1
-1
-1
-1
-1
-1
-1
-1
-1
-1
-1
-1
-1
-1
-1
-1
-1
-1
-1
-1
-1
-1
-1
-1
-1
-1
-1
-1
-1
-1
-1
-1
-1
-1
-1
-1
-1
-1
-1
-1
-1
-1
-1
-1
-1
-1
-1
-1
-1
-1
-1
-1
-1
-1
-1
-1
-1
-1
-1
-1
-1
-1
-1
-1
-1
-1
-1
-1
-1
-1
-1
-1
-1
-1
-1
-1
-1
-1
-1
-1
-1
-1
-1
-1
-1
-1
-1
-1
-1
-1
-1
-1
-1
-1
-1
-1
-1
-1
-1
-1
-1
-1
-1
-1
-1
-1
-1
-1
-1
-1
-1
-1
-1
-1
-1
-1
-1
-1
-1
-1
-1
-1
-1
-1
-1
-1
-1
-1
-1
-1
-1
-1
-1
-1
-1
-1
-1
-1
-1
-1
-1
-1
-1
-1
-1
-1
-1
-1
-1
-1
-1
-1
-1
-1
-1
-1
-1
-1
-1
-1
-1
-1
-1
-1
-1
-1
-1
-1
-1
-1
-1
-1
-1
-1
-1
-1
-1
-1
-1
-1
-1
-1
-1
-1
-1
-1
-1
-1
-1
-1
-1
-1
-1
-1
-1
-1
-1
-1
-1
-1
-1
-1
-1
-1
-1
-1
-1
-1
-1
-1
-1
-1
-1
-1
-1
-1
-1
-1
-1
-1
-1
-1
-1
-1
-1
-1
-1
-1
-1
-1
-1
-1
-1
-1
-1
-1
-1
-1
-1
-1
-1
-1
-1
-1
-1
-1
-1
-1
-1
-1
-1
-1
-1
-1
-1
-1
-1
-1
-1
-1
-1
-1
-1
-1
-1
-1
-1
-1
-1
-1
-1
-1
-1
-1
-1
-1
-1
-1
-1
-1
-1
-1
-1
-1
-1
-1
-1
-1
-1
-1
-1
-1
-1
-1
-1
-1
-1
-1
-1
-1
-1
-1
-1
-1
-1
-1
-1
-1
-1
-1
-1
-1
-1
-1
-1
-1
-1
-1
-1
-1
-1
-1
-1
-1
-1
-1
-1
-1
-1
-1
-1
-1
-1
-1
-1
-1
-1
-1
-1
-1
-1
-1
-1
-1
-1
-1
-1
-1
-1
-1
-1
-1
-1
-1
-1
-1
-1
-1
-1
-1
-1
-1
-1
-1
-1
-1
-1
-1
-1
-1
-1
-1
-1
-1
-1
-1
-1
-1
-1
-1
-1
-1
-1
-1
-1
-1
-1
-1
-1
-1
-1
-1
-1
-1
-1
-1
-1
-1
-1
-1
-1
-1
-1
-1
-1
-1
-1
-1
-1
-1
-1
-1
-1
-1
-1
-1
-1
-1
-1
-1
-1
-1
-1
-1
-1
-1
-1
-1
-1
-1
-1
-1
-1
-1
-1
-1
-1
-1
-1
-1
-1
-1
-1
-1
-1
-1
-1
-1
-1
-1
-1
-1
-1
-1
-1
-1
-1
-1
-1
-1
-1
-1
-1
-1
-1
-1
-1
-1
-1
-1
-1
-1
-1
-1
-1
-1
-1
-1
-1
-1
-1
-1
-1
-1
-1
-1
-1
-1
-1
-1
-1
-1
-1
-1
-1
-1
-1
-1
-1
-1
-1
-1
-1
-1
-1
-1
-1
-1
-1
-1
-1
-1
-1
-1
-1
-1
-1
-1
-1
-1
-1
-1
-1
-1
-1
-1
-1
-1
-1
-1
-1
-1
-1
-1
-1
-1
-1
-1
-1
-1
-1
-1
-1
-1
-1
-1
-1
-1
-1
-1
-1
-1
-1
-1
-1
-1
-1
-1
-1
-1
-1
-1
-1
-1
-1
-1
-1
-1
-1
-1
-1
-1
-1
-1
-1
-1
-1
-1
-1
-1
-1
-1
-1
-1
-1
-1
-1
-1
-1
-1
-1
-1
-1
-1
-1
-1
-1
-1
-1
-1
-1
-1
-1
-1
-1
-1
-1
-1
-1
-1
-1
-1
-1
-1
-1
-1
-1
-1
-1
-1
-1
-1
-1
-1
-1
-1
-1
-1
-1
-1
-1
-1
-1
-1
-1
-1
-1
-1
-1
-1
-1
-1
-1
-1
-1
-1
-1
-1
-1
-1
-1
-1
-1
-1
-1
-1
-1
-1
-1
-1
-1
-1
-1
-1
-1
-1
-1
-1
-1
-1
-1
-1
-1
-1
-1
-1
-1
-1
-1
-1
-1
-1
-1
-1
-1
-1
-1
-1
-1
-1
-1
-1
-1
-1
-1
-1
-1
-1
-1
-1
-1
-1
-1
-1
-1
-1
-1
-1
-1
-1
-1
-1
-1
-1
-1
-1
-1
-1
-1
-1
-1
-1
-1
-1
-1
-1
-1
-1
-1
-1
-1
-1
-1
-1
-1
-1
-1
-1
-1
-1
-1
-1
-1
-1
-1
-1
-1
-1
-1
-1
-1
-1
-1
-1
-1
-1
-1
-1
-1
-1
-1
-1
-1
-1
-1
-1
-1
-1
-1
-1
-1
-1
-1
-1
-1
-1
-1
-1
-1
-1
-1
-1
-1
-1
-1
-1
-1
-1
-1
-1
-1
-1
-1
-1
-1
-1
-1
-1
-1
-1
-1
-1
-1
-1
-1
-1
-1
-1
-1
-1
-1
-1
-1
-1
-1
-1
-1
-1
-1
-1
-1
-1
-1
-1
-1
-1
-1
-1
-1
-1
-1
-1
-1
-1
-1
-1
-1
-1
-1
-1
-1
-1
-1
-1
-1
-1
-1
-1
-1
-1
-1
-1
-1
-1
-1
-1
-1
-1
-1
-1
-1
-1
-1
-1
-1
-1
-1
-1
-1
-1
-1
-1
-1
-1
-1
-1
-1
-1
-1
-1
-1
-1
-1
-1
-1
-1
-1
-1
-1
-1
-1
-1
-1
-1
-1
-1
-1
-1
-1
-1
-1
-1
-1
-1
-1
-1
-1
-1
-1
-1
-1
-1
-1
-1
-1
-1
-1
-1
-1
-1
-1
-1
-1
-1
-1
-1
-1
-1
-1
-1
-1
-1
-1
-1
-1
-1
-1
-1
-1
-1
-1
-1
-1
-1
-1
-1
-1
-1
-1
-1
-1
-1
-1
-1
-1
-1
-1
-1
-1
-1
-1
-1
-1
-1
-1
-1
-1
-1
-1
-1
-1
-1
-1
-1
-1
-1
-1
-1
-1
-1
-1
-1
-1
-1
-1
-1
-1
-1
-1
-1
-1
-1
-1
-1
-1
-1
-1
-1
-1
-1
-1
-1
-1
-1
-1
-1
-1
-1
-1
-1
-1
-1
-1
-1
-1
-1
-1
-1
-1
-1
-1
-1
-1
-1
-1
-1
-1
-1
-1
-1
-1
-1
-1
-1
-1
-1
-1
-1
-1
-1
-1
-1
-1
-1
-1
-1
-1
-1
-1
-1
-1
-1
-1
-1
-1
-1
-1
-1
-1
-1
-1
-1
-1
-1
-1
-1
-1
-1
-1
-1
-1
-1
-1
-1
-1
-1
-1
-1
-1
-1
-1
-1
-1
-1
-1
-1
-1
-1
-1
-1
-1
-1
-1
-1
-1
-1
-1
-1
-1
-1
-1
-1
-1
-1
-1
-1
-1
-1
-1
-1
-1
-1
-1
-1
-1
-1
-1
-1
-1
-1
-1
-1
-1
-1
-1
-1
-1
-1
-1
-1
-1
-1
-1
-1
-1
-1
-1
-1
-1
-1
-1
-1
-1
-1
-1
-1
-1
-1
-1
-1
-1
-1
-1
-1
-1
-1
-1
-1
-1
-1
-1
-1
-1
-1
-1
-1
-1
-1
-1
-1
-1
-1
-1
-1
-1
-1
-1
-1
-1
-1
-1
-1
-1
-1
-1
-1
-1
-1
-1
-1
-1
-1
-1
-1
-1
-1
-1
-1
-1
-1
-1
-1
-1
-1
-1
-1
-1
-1
-1
-1
-1
-1
-1
-1
-1
-1
-1
-1
-1
-1
-1
-1
-1
-1
-1
-1
-1
-1
-1
-1
-1
-1
-1
-1
-1
-1
-1
-1
-1
-1
-1
-1
-1
-1
-1
-1
-1
-1
-1
-1
-1
-1
-1
-1
-1
-1
-1
-1
-1
-1
-1
-1
-1
-1
-1
-1
-1
-1
-1
-1
-1
-1
-1
-1
-1
-1
-1
-1
-1
-1
-1
-1
-1
-1
-1
-1
-1
-1
-1
-1
-1
-1
-1
-1
-1
-1
-1
-1
-1
-1
-1
-1
-1
-1
-1
-1
-1
-1
-1
-1
-1
-1
-1
-1
-1
-1
-1
-1
-1
-1
-1
-1
-1
-1
-1
-1
-1
-1
-1
-1
-1
-1
-1
-1
-1
-1
-1
-1
-1
-1
-1
-1
-1
-1
-1
-1
-1
-1
-1
-1
-1
-1
-1
-1
-1
-1
-1
-1
-1
-1
-1
-1
-1
-1
-1
-1
-1
-1
-1
-1
-1
-1
-1
-1
-1
-1
-1
-1
-1
-1
-1
-1
-1
-1
-1
-1
-1
-1
-1
-1
-1
-1
-1
-1
-1
-1
-1
-1
-1
-1
-1
-1
-1
-1
-1
-1
-1
-1
-1
-1
-1
-1
-1
-1
-1
-1
-1
-1
-1
-1
-1
-1
-1
-1
-1
-1
-1
-1
-1
-1
-1
-1
-1
-1
-1
-1
-1
-1
-1
-1
-1
-1
-1
-1
-1
-1
-1
-1
-1
-1
-1
-1
-1
-1
-1
-1
-1
-1
-1
-1
-1
-1
-1
-1
-1
-1
-1
-1
-1
-1
-1
-1
-1
-1
-1
-1
-1
-1
-1
-1
-1
-1
-1
-1
-1
-1
-1
-1
-1
-1
-1
-1
-1
-1
-1
-1
-1
-1
-1
-1
-1
-1
-1
-1
-1
-1
-1
-1
-1
-1
-1
-1
-1
-1
-1
-1
-1
-1
-1
-1
-1
-1
-1
-1
-1
-1
-1
-1
-1
-1
-1
-1
-1
-1
-1
-1
-1
-1
-1
-1
-1
-1
-1
-1
-1
-1
-1
-1
-1
-1
-1
-1
-1
-1
-1
-1
-1
-1
-1
-1
-1
-1
-1
-1
-1
-1
-1
-1
-1
-1
-1
-1
-1
-1
-1
-1
-1
-1
-1
-1
-1
-1
-1
-1
-1
-1
-1
-1
-1
-1
-1
-1
-1
-1
-1
-1
-1
-1
-1
-1
-1
-1
-1
-1
-1
-1
-1
-1
-1
-1
-1
-1
-1
-1
-1
-1
-1
-1
-1
-1
-1
-1
-1
-1
-1
-1
-1
-1
-1
-1
-1
-1
-1
-1
-1
-1
-1
-1
-1
-1
-1
-1
-1
-1
-1
-1
-1
-1
-1
-1
-1
-1
-1
-1
-1
-1
-1
-1
-1
-1
-1
-1
-1
-1
-1
-1
-1
-1
-1
-1
-1
-1
-1
-1
-1
-1
-1
-1
-1
-1
-1
-1
-1
-1
-1
-1
-1
-1
-1
-1
-1
-1
-1
-1
-1
-1
-1
-1
-1
-1
-1
-1
-1
-1
-1
-1
-1
-1
-1
-1
-1
-1
-1
-1
-1
-1
-1
-1
-1
-1
-1
-1
-1
-1
-1
-1
-1
-1
-1
-1
-1
-1
-1
-1
-1
-1
-1
-1
-1
-1
-1
-1
-1
-1
-1
-1
-1
-1
-1
-1
-1
-1
-1
-1
-1
-1
-1
-1
-1
-1
-1
-1
-1
-1
-1
-1
-1
-1
-1
-1
-1
-1
-1
-1
-1
-1
-1
-1
-1
-1
-1
-1
-1
-1
-1
-1
-1
-1
-1
-1
-1
-1
-1
-1
-1
-1
-1
-1
-1
-1
-1
-1
-1
-1
-1
-1
-1
-1
-1
-1
-1
-1
-1
-1
-1
-1
-1
-1
-1
-1
-1
-1
-1
-1
-1
-1
-1
-1
-1
-1
-1
-1
-1
-1
-1
-1
-1
-1
-1
-1
-1
-1
-1
-1
-1
-1
-1
-1
-1
-1
-1
-1
-1
-1
-1
-1
-1
-1
-1
-1
-1
-1
-1
-1
-1
-1
-1
-1
-1
-1
-1
-1
-1
-1
-1
-1
-1
-1
-1
-1
-1
-1
-1
-1
-1
-1
-1
-1
-1
-1
-1
-1
-1
-1
-1
-1
-1
-1
-1
-1
-1
-1
-1
-1
-1
-1
-1
-1
-1
-1
-1
-1
-1
-1
-1
-1
-1
-1
-1
-1
-1
-1
-1
-1
-1
-1
-1
-1
-1
-1
-1
-1
-1
-1
-1
-1
-1
-1
-1
-1
-1
-1
-1
-1
-1
-1
-1
-1
-1
-1
-1
-1
-1
-1
-1
-1
-1
-1
-1
-1
-1
-1
-1
-1
-1
-1
-1
-1
-1
-1
-1
-1
-1
-1
-1
-1
-1
-1
-1
-1
-1
-1
-1
-1
-1
-1
-1
-1
-1
-1
-1
-1
-1
-1
-1
-1
-1
-1
-1
-1
-1
-1
-1
-1
-1
-1
-1
-1
-1
-1
-1
-1
-1
-1
-1
-1
-1
-1
-1
-1
-1
-1
-1
-1
-1
-1
-1
-1
-1
-1
-1
-1
-1
-1
-1
-1
-1
-1
-1
-1
-1
-1
-1
-1
-1
-1
-1
-1
-1
-1
-1
-1
-1
-1
-1
-1
-1
-1
-1
-1
-1
-1
-1
-1
-1
-1
-1
-1
-1
-1
-1
-1
-1
-1
-1
-1
-1
-1
-1
-1
-1
-1
-1
-1
-1
-1
-1
-1
-1
-1
-1
-1
-1
-1
-1
-1
-1
-1
-1
-1
-1
-1
-1
-1
-1
-1
-1
-1
-1
-1
-1
-1
-1
-1
-1
-1
-1
-1
-1
-1
-1
-1
-1
-1
-1
-1
-1
-1
-1
-1
-1
-1
-1
-1
-1
-1
-1
-1
-1
-1
-1
-1
-1
-1
-1
-1
-1
-1
-1
-1
-1
-1
-1
-1
-1
-1
-1
-1
-1
-1
-1
-1
-1
-1
-1
-1
-1
-1
-1
-1
-1
-1
-1
-1
-1
-1
-1
-1
-1
-1
-1
-1
-1
-1
-1
-1
-1
-1
-1
-1
-1
-1
-1
-1
-1
-1
-1
-1
-1
-1
-1
-1
-1
-1
-1
-1
-1
-1
-1
-1
-1
-1
-1
-1
-1
-1
-1
-1
-1
-1
-1
-1
-1
-1
-1
-1
-1
-1
-1
-1
-1
-1
-1
-1
-1
-1
-1
-1
-1
-1
-1
-1
-1
-1
-1
-1
-1
-1
-1
-1
-1
-1
-1
-1
-1
-1
-1
-1
-1
-1
-1
-1
-1
-1
-1
-1
-1
-1
-1
-1
-1
-1
-1
-1
-1
-1
-1
-1
-1
-1
-1
-1
-1
-1
-1
-1
-1
-1
-1
-1
-1
-1
-1
-1
-1
-1
-1
-1
-1
-1
-1
-1
-1
-1
-1
-1
-1
-1
-1
-1
-1
-1
-1
-1
-1
-1
-1
-1
-1
-1
-1
-1
-1
-1
-1
-1
-1
-1
-1
-1
-1
-1
-1
-1
-1
-1
-1
-1
-1
-1
-1
-1
-1
-1
-1
-1
-1
-1
-1
-1
-1
-1
-1
-1
-1
-1
-1
-1
-1
-1
-1
-1
-1
-1
-1
-1
-1
-1
-1
-1
-1
-1
-1
-1
-1
-1
-1
-1
-1
-1
-1
-1
-1
-1
-1
-1
-1
-1
-1
-1
-1
-1
-1
-1
-1
-1
-1
-1
-1
-1
-1
-1
-1
-1
-1
-1
-1
-1
-1
-1
-1
-1
-1
-1
-1
-1
-1
-1
-1
-1
-1
-1
-1
-1
-1
-1
-1
-1
-1
-1
-1
-1
-1
-1
-1
-1
-1
-1
-1
-1
-1
-1
-1
-1
-1
-1
-1
-1
-1
-1
-1
-1
-1
-1
-1
-1
-1
-1
-1
-1
-1
-1
-1
-1
-1
-1
-1
-1
-1
-1
-1
-1
-1
-1
-1
-1
-1
-1
-1
-1
-1
-1
-1
-1
-1
-1
-1
-1
-1
-1
-1
-1
-1
-1
-1
-1
-1
-1
-1
-1
-1
-1
-1
-1
-1
-1
-1
-1
-1
-1
-1
-1
-1
-1
-1
-1
-1
-1
-1
-1
-1
-1
-1
-1
-1
-1
-1
-1
-1
-1
-1
-1
-1
-1
-1
-1
-1
-1
-1
-1
-1
-1
-1
-1
-1
-1
-1
-1
)


// ************************************************************************* //
