/*--------------------------------*- C++ -*----------------------------------*\
| =========                 |                                                 |
| \\      /  F ield         | OpenFOAM: The Open Source CFD Toolbox           |
|  \\    /   O peration     | Version:  2306                                  |
|   \\  /    A nd           | Website:  www.openfoam.com                      |
|    \\/     M anipulation  |                                                 |
\*---------------------------------------------------------------------------*/
FoamFile
{
    version     2.0;
    format      ascii;
    arch        "LSB;label=32;scalar=64";
    class       labelList;
    location    "constant/polyMesh";
    object      owner;
}
// * * * * * * * * * * * * * * * * * * * * * * * * * * * * * * * * * * * * * //


8674
(
0
0
0
0
1
1
2
3
4
4
5
5
6
6
7
7
8
8
9
9
10
10
11
11
12
12
13
13
14
14
15
15
16
16
17
17
18
18
19
19
20
20
21
21
22
22
23
23
24
24
25
25
26
26
27
27
28
28
29
29
30
30
31
32
32
33
33
34
34
35
35
36
36
37
37
38
38
39
39
40
40
41
41
42
42
43
43
44
44
45
45
46
46
47
47
48
48
49
49
50
50
51
51
52
52
53
53
54
54
55
55
56
56
57
57
58
58
59
59
60
60
61
61
62
62
63
63
64
64
65
65
66
66
67
67
68
68
69
69
70
70
71
71
72
72
73
73
74
74
75
75
76
76
77
77
78
78
79
79
80
80
81
81
82
82
83
83
84
84
85
85
86
86
87
87
88
88
89
89
90
90
91
91
92
92
93
93
94
94
95
95
96
96
97
97
98
98
99
99
100
100
101
101
102
102
103
103
104
104
105
105
106
106
107
107
108
108
109
109
110
110
111
111
112
112
113
113
114
114
115
115
116
116
117
117
118
118
119
119
120
121
121
122
122
123
123
124
124
125
126
126
127
127
128
128
129
129
130
130
131
131
132
132
133
133
134
134
135
135
136
136
137
137
138
138
139
139
140
140
141
141
142
142
143
143
144
144
145
145
146
146
147
147
148
148
149
149
150
150
151
151
152
152
153
153
154
154
155
155
156
156
157
157
158
158
159
159
160
160
161
161
162
162
163
163
164
164
165
165
166
166
167
167
168
168
169
169
170
170
171
171
172
172
173
173
174
174
175
175
176
176
177
177
178
178
179
179
180
180
181
181
182
182
183
183
184
184
185
185
186
186
187
187
188
188
189
189
190
190
191
191
192
192
193
193
194
194
195
195
196
196
197
197
198
198
199
199
200
200
201
201
202
202
203
203
204
204
205
205
206
206
207
207
208
208
209
209
210
210
211
212
212
213
213
214
214
215
215
216
216
217
217
218
218
219
219
220
221
221
222
222
223
223
224
224
225
225
226
226
227
227
228
228
229
229
230
230
231
231
232
232
233
233
234
234
235
235
236
236
237
237
238
238
239
239
240
240
241
241
242
242
243
243
244
244
245
245
246
246
247
247
248
248
249
249
250
250
251
251
252
252
253
253
254
254
255
255
256
256
257
257
258
258
259
259
260
260
261
261
262
262
263
263
264
264
265
265
266
266
267
267
268
268
269
269
270
270
271
271
272
272
273
273
274
274
275
275
276
276
277
277
278
278
279
279
280
280
281
281
282
282
283
283
284
284
285
285
286
286
287
287
288
288
289
289
290
290
291
291
292
292
293
293
294
294
295
295
296
296
297
297
298
298
299
299
300
300
301
301
302
302
303
303
304
304
305
305
306
306
307
307
308
308
309
309
310
310
311
311
312
312
313
313
314
314
315
315
316
316
317
317
318
319
319
320
320
320
321
321
321
322
322
322
323
323
323
324
324
324
325
325
325
326
326
326
327
327
327
328
328
328
329
329
329
330
330
330
331
331
331
332
332
332
333
333
333
334
334
334
335
335
335
336
336
336
337
337
337
338
338
338
339
339
339
340
340
340
341
341
341
342
342
342
343
343
343
344
344
344
345
345
345
346
346
347
347
348
348
349
349
350
350
351
351
352
352
353
353
354
354
355
355
356
356
357
357
358
358
359
359
360
360
361
361
362
362
363
363
364
364
365
365
366
366
367
367
368
368
369
369
370
370
371
371
372
372
373
373
374
374
375
375
376
376
377
377
378
378
379
379
380
380
381
381
382
382
383
383
384
384
385
385
386
386
387
387
388
388
389
389
390
390
391
391
392
392
393
393
394
394
395
395
396
396
397
397
398
398
399
399
400
400
401
401
402
402
403
403
404
404
405
405
406
406
407
407
408
408
409
409
410
410
411
411
412
412
413
413
414
414
415
415
416
416
417
417
418
418
419
419
420
420
421
421
422
422
423
423
424
424
425
425
426
426
427
427
428
428
429
429
430
430
431
431
432
433
433
434
434
435
435
436
436
437
437
437
438
438
439
439
440
441
442
443
444
445
445
446
446
447
448
448
449
449
450
450
451
451
452
452
453
453
454
454
455
455
455
456
456
457
457
458
458
459
459
460
460
461
462
463
464
465
466
467
468
469
469
470
470
471
472
472
473
473
474
474
475
475
476
476
477
477
478
478
479
479
479
480
480
481
481
482
482
483
483
484
484
485
486
487
488
489
490
491
492
493
493
494
494
495
496
496
497
497
498
498
499
499
500
500
501
501
502
502
503
503
503
504
504
505
505
506
506
507
507
508
508
509
510
511
511
512
512
513
513
515
515
516
517
517
518
518
519
519
520
520
520
521
521
522
523
524
525
525
526
527
527
528
528
529
529
530
530
531
531
532
533
533
534
534
535
535
536
536
537
537
538
538
539
539
540
540
540
541
541
542
542
543
543
544
544
545
545
546
547
547
548
548
549
549
550
550
550
551
551
552
553
553
554
554
555
555
556
556
556
557
557
558
559
559
560
560
561
561
562
562
562
563
563
564
565
565
566
566
567
567
568
568
568
569
569
570
570
571
571
572
573
573
574
574
575
575
576
576
577
577
578
578
579
579
580
580
580
581
581
582
582
583
583
584
584
585
585
586
587
587
588
588
589
589
590
590
590
591
591
592
593
593
594
594
595
595
596
596
596
597
597
598
599
599
600
600
601
601
602
602
602
603
603
604
605
605
606
606
607
607
608
608
608
609
609
610
610
611
611
612
612
613
613
614
614
615
615
616
616
617
617
618
618
619
619
620
620
621
621
623
624
625
626
626
627
627
628
628
629
629
630
632
632
632
633
634
634
635
635
636
636
637
637
637
638
638
639
640
640
642
642
643
643
644
644
644
645
645
646
647
647
648
648
649
649
650
650
650
651
651
652
653
653
654
654
655
655
656
656
656
657
657
658
658
659
659
660
660
661
662
662
662
663
663
664
664
665
665
666
666
667
667
668
668
668
669
670
670
671
671
672
672
673
673
674
674
675
675
676
676
676
677
678
678
679
679
680
680
681
681
682
682
683
683
684
684
685
685
686
686
687
687
688
688
689
689
690
690
691
691
692
692
693
693
694
694
695
695
696
696
697
697
698
698
699
699
700
700
701
701
702
703
703
704
704
705
705
705
706
707
707
708
708
709
709
709
710
711
711
712
712
713
713
713
714
715
716
717
717
718
718
719
719
720
720
721
721
722
722
723
724
724
725
725
726
726
727
727
728
728
728
729
729
730
730
731
732
732
733
733
734
734
734
735
736
736
737
737
738
738
738
739
739
740
741
741
742
742
743
743
744
744
744
745
745
746
746
747
748
748
749
749
750
750
750
751
752
752
753
753
754
754
754
755
755
756
757
757
758
758
759
759
760
760
760
761
761
762
762
763
764
764
765
765
766
766
766
767
768
768
769
769
770
770
770
771
771
772
773
773
774
774
775
775
776
776
776
777
777
778
778
779
780
780
781
781
782
782
782
783
784
784
785
785
786
786
786
787
787
788
789
789
790
790
791
791
792
792
792
793
793
794
794
795
796
796
797
797
798
798
798
799
800
800
801
801
802
802
802
803
803
804
805
805
806
806
807
807
808
808
808
809
809
810
810
812
812
813
813
814
814
815
815
815
816
816
817
818
818
819
819
820
820
821
821
821
822
822
823
824
824
825
825
826
827
827
827
828
828
829
830
830
831
831
832
832
833
833
833
834
835
835
836
836
837
837
837
838
839
839
840
840
841
841
841
842
843
843
844
844
845
845
845
846
847
847
847
848
849
849
850
850
851
851
852
852
853
853
853
854
854
855
855
856
857
857
857
858
859
859
859
860
860
861
861
862
862
863
863
864
864
865
865
866
866
867
867
868
868
869
869
870
870
871
871
872
872
873
873
874
874
875
875
876
876
877
877
878
878
879
879
880
880
881
881
882
882
883
883
884
884
885
885
886
886
887
887
888
888
889
889
890
890
891
891
892
892
893
893
894
894
895
896
896
897
898
898
899
900
900
901
901
902
902
903
903
904
906
906
907
908
908
909
909
910
910
911
911
912
914
914
915
916
916
917
917
918
918
919
919
920
922
922
923
924
924
925
925
926
926
927
927
928
930
930
931
932
932
933
933
934
934
935
935
936
938
938
939
940
940
941
941
942
942
943
943
944
946
946
946
947
948
948
949
949
950
950
951
951
951
952
952
953
954
954
956
957
957
958
958
958
959
959
960
961
961
962
962
963
963
964
964
964
965
965
966
967
967
968
968
969
969
970
970
970
971
972
973
975
976
976
977
977
978
978
979
979
980
981
981
982
982
983
983
984
984
984
985
985
986
987
987
988
988
989
989
990
990
990
991
991
992
992
993
994
994
994
995
996
996
997
997
998
998
998
999
999
1000
1000
1001
1001
1002
1002
1003
1003
1004
1004
1005
1005
1006
1006
1007
1007
1008
1008
1009
1009
1010
1011
1011
1012
1012
1013
1013
1014
1014
1015
1015
1016
1016
1017
1017
1018
1018
1018
1019
1019
1020
1020
1021
1021
1022
1022
1023
1023
1024
1025
1025
1026
1026
1027
1027
1028
1028
1028
1029
1029
1030
1031
1031
1032
1032
1033
1033
1034
1034
1034
1035
1035
1036
1037
1037
1038
1038
1039
1039
1040
1040
1040
1041
1041
1042
1043
1043
1044
1044
1045
1045
1046
1046
1046
1047
1047
1048
1048
1049
1049
1050
1051
1051
1052
1052
1053
1053
1054
1054
1055
1055
1056
1056
1057
1057
1058
1058
1058
1059
1059
1060
1060
1061
1061
1062
1062
1063
1063
1064
1065
1065
1066
1066
1067
1067
1068
1068
1068
1069
1069
1070
1071
1071
1072
1072
1073
1073
1074
1074
1074
1075
1075
1076
1077
1077
1078
1078
1079
1079
1080
1080
1080
1081
1081
1082
1083
1083
1084
1084
1085
1085
1086
1086
1086
1087
1087
1088
1088
1089
1089
1090
1090
1091
1091
1092
1092
1093
1093
1094
1094
1095
1095
1096
1096
1097
1097
1098
1098
1099
1099
1100
1101
1101
1102
1102
1103
1103
1104
1104
1104
1105
1105
1106
1107
1107
1108
1108
1109
1109
1110
1110
1110
1111
1111
1112
1113
1113
1114
1114
1115
1115
1116
1116
1116
1117
1117
1118
1119
1119
1120
1120
1121
1121
1122
1122
1122
1123
1123
1124
1124
1125
1125
1126
1126
1127
1127
1128
1129
1129
1130
1130
1131
1131
1132
1132
1132
1133
1133
1134
1135
1135
1136
1136
1137
1137
1138
1138
1138
1139
1139
1140
1141
1141
1142
1142
1143
1143
1144
1144
1144
1145
1145
1146
1147
1147
1148
1148
1149
1149
1150
1150
1150
1151
1151
1152
1152
1153
1153
1154
1154
1155
1155
1156
1157
1157
1158
1158
1159
1159
1160
1160
1160
1161
1161
1162
1163
1163
1164
1164
1165
1165
1166
1166
1166
1167
1167
1168
1169
1169
1170
1170
1171
1171
1172
1172
1172
1173
1173
1174
1175
1175
1176
1176
1177
1177
1178
1178
1178
1179
1179
1180
1180
1181
1181
1182
1182
1183
1183
1184
1185
1185
1186
1186
1187
1187
1188
1188
1188
1189
1189
1190
1191
1191
1192
1192
1193
1193
1194
1194
1194
1195
1195
1196
1197
1197
1198
1198
1199
1199
1200
1200
1200
1201
1201
1202
1203
1203
1204
1204
1205
1205
1206
1206
1206
1207
1207
1208
1208
1209
1209
1210
1210
1211
1211
1212
1212
1213
1213
1214
1214
1215
1215
1216
1216
1217
1217
1218
1219
1219
1220
1220
1221
1221
1222
1222
1223
1223
1224
1224
1225
1225
1226
1226
1226
1227
1227
1228
1228
1229
1229
1230
1230
1231
1231
1232
1233
1233
1234
1234
1235
1235
1236
1236
1236
1237
1237
1238
1239
1239
1240
1240
1241
1241
1242
1242
1242
1243
1243
1244
1245
1245
1246
1246
1247
1247
1248
1248
1248
1249
1249
1250
1251
1251
1252
1252
1253
1253
1254
1254
1254
1255
1255
1256
1256
1257
1257
1258
1259
1259
1260
1260
1261
1261
1262
1262
1263
1263
1264
1264
1265
1265
1266
1266
1266
1267
1267
1268
1268
1269
1269
1270
1270
1271
1271
1272
1273
1273
1274
1274
1275
1275
1276
1276
1276
1277
1277
1278
1279
1279
1280
1280
1281
1281
1282
1282
1282
1283
1283
1284
1285
1285
1286
1286
1287
1287
1288
1288
1288
1289
1289
1290
1291
1291
1292
1292
1293
1293
1294
1294
1294
1295
1295
1296
1296
1297
1297
1298
1298
1299
1299
1300
1300
1301
1301
1302
1302
1303
1303
1304
1304
1305
1305
1306
1306
1307
1307
1308
1309
1309
1310
1310
1311
1311
1312
1312
1312
1313
1313
1314
1315
1315
1316
1316
1317
1317
1318
1318
1318
1319
1319
1320
1321
1321
1322
1322
1323
1323
1324
1324
1324
1325
1325
1326
1327
1327
1328
1328
1329
1329
1330
1330
1330
1331
1331
1332
1332
1333
1333
1334
1334
1335
1335
1336
1337
1337
1338
1338
1339
1339
1340
1340
1340
1341
1341
1342
1343
1343
1344
1344
1345
1345
1346
1346
1346
1347
1347
1348
1349
1349
1350
1350
1351
1351
1352
1352
1352
1353
1353
1354
1355
1355
1356
1356
1357
1357
1358
1358
1358
1359
1359
1360
1360
1361
1361
1362
1362
1363
1363
1364
1365
1365
1366
1366
1367
1367
1368
1368
1368
1369
1369
1370
1371
1371
1372
1372
1373
1373
1374
1374
1374
1375
1375
1376
1377
1377
1378
1378
1379
1379
1380
1380
1380
1381
1381
1382
1383
1383
1384
1384
1385
1385
1386
1386
1386
1387
1387
1388
1388
1389
1389
1390
1390
1391
1391
1392
1393
1393
1394
1394
1395
1395
1396
1396
1396
1397
1397
1398
1399
1399
1400
1400
1401
1401
1402
1402
1402
1403
1403
1404
1405
1405
1406
1406
1407
1407
1408
1408
1408
1409
1409
1410
1411
1411
1412
1412
1413
1413
1414
1414
1414
1415
1415
1416
1416
1417
1417
1418
1418
1419
1419
1420
1420
1421
1421
1422
1422
1423
1423
1424
1424
1425
1425
1426
1427
1427
1428
1428
1429
1429
1430
1430
1431
1431
1432
1432
1433
1433
1434
1434
1434
1435
1435
1436
1436
1437
1437
1438
1438
1439
1439
1440
1441
1441
1442
1442
1443
1443
1444
1444
1444
1445
1445
1446
1447
1447
1448
1448
1449
1449
1450
1450
1450
1451
1451
1452
1453
1453
1454
1454
1455
1455
1456
1456
1456
1457
1457
1458
1459
1459
1460
1460
1461
1461
1462
1462
1462
1463
1463
1464
1464
1465
1465
1466
1467
1468
1469
1470
1471
1472
1472
1473
1473
1474
1474
1475
1475
1476
1476
1477
1477
1478
1478
1479
1479
1480
1481
1481
1482
1482
1483
1483
1484
1484
1484
1485
1485
1486
1487
1487
1488
1488
1489
1489
1490
1490
1490
1491
1491
1492
1493
1493
1494
1494
1495
1495
1496
1496
1496
1497
1497
1498
1499
1499
1500
1500
1501
1501
1502
1502
1502
1503
1503
1504
1504
1505
1505
1506
1506
1507
1507
1508
1509
1509
1510
1510
1511
1511
1512
1512
1512
1513
1513
1514
1515
1515
1516
1516
1517
1517
1518
1518
1518
1519
1519
1520
1521
1521
1522
1522
1523
1523
1524
1524
1524
1525
1525
1526
1527
1527
1528
1528
1529
1529
1530
1530
1530
1531
1531
1532
1532
1533
1533
1534
1534
1535
1535
1536
1537
1538
1539
1540
1541
1542
1543
1544
1544
1545
1545
1546
1546
1547
1547
1548
1548
1549
1549
1550
1550
1551
1551
1552
1552
1553
1553
1554
1554
1555
1555
1556
1556
1557
1557
1558
1558
1559
1559
1560
1560
1561
1561
1562
1562
1563
1563
1564
1564
1565
1565
1566
1566
1567
1567
1568
1568
1569
1569
1570
1570
1571
1571
1572
1572
1573
1573
1574
1574
1575
1575
1576
1576
1577
1577
1578
1578
1579
1579
1580
1580
1581
1581
1582
1582
1583
1583
1584
1584
1585
1585
1586
1586
1587
1588
1588
1588
1589
1590
1590
1591
1591
1592
1592
1592
1593
1594
1594
1594
1595
1596
1596
1597
1597
1598
1598
1599
1599
1600
1600
1600
1601
1601
1602
1602
1603
1604
1604
1604
1605
1606
1606
1606
1607
1607
1608
1608
1609
1609
1610
1610
1611
1611
1612
1613
1614
1614
1615
1615
1616
1616
1618
1618
1619
1620
1620
1621
1621
1622
1622
1623
1623
1623
1624
1624
1626
1627
1628
1628
1629
1629
1630
1630
1631
1632
1632
1632
1633
1634
1634
1635
1635
1636
1636
1636
1637
1637
1638
1639
1639
1640
1640
1641
1641
1642
1642
1642
1643
1643
1644
1645
1645
1646
1646
1647
1647
1648
1648
1648
1649
1649
1650
1650
1651
1651
1652
1652
1653
1654
1654
1654
1655
1656
1656
1657
1657
1658
1658
1658
1659
1660
1660
1660
1661
1662
1662
1663
1663
1664
1664
1665
1665
1666
1666
1666
1667
1667
1668
1668
1669
1670
1670
1670
1671
1672
1672
1673
1675
1676
1676
1676
1677
1678
1678
1679
1679
1680
1680
1680
1681
1681
1682
1682
1683
1683
1684
1684
1685
1685
1686
1687
1687
1688
1688
1689
1689
1690
1690
1690
1691
1691
1692
1693
1693
1694
1694
1695
1695
1696
1696
1696
1697
1697
1698
1699
1699
1700
1700
1701
1701
1702
1702
1702
1703
1703
1704
1705
1705
1706
1706
1707
1707
1708
1708
1708
1709
1709
1710
1710
1711
1711
1712
1712
1713
1713
1714
1715
1715
1716
1716
1717
1717
1718
1718
1718
1719
1719
1720
1721
1721
1722
1722
1723
1723
1724
1724
1724
1725
1725
1726
1727
1727
1728
1728
1729
1729
1730
1730
1730
1731
1731
1732
1733
1733
1734
1734
1735
1735
1736
1736
1736
1737
1737
1738
1738
1739
1739
1740
1740
1741
1741
1742
1742
1743
1743
1744
1744
1745
1746
1746
1748
1749
1749
1750
1750
1751
1751
1752
1752
1753
1753
1754
1755
1757
1757
1757
1758
1759
1759
1760
1760
1761
1761
1762
1762
1762
1763
1763
1764
1765
1765
1767
1768
1768
1769
1770
1770
1771
1771
1772
1772
1773
1773
1774
1774
1775
1775
1776
1776
1777
1777
1778
1778
1779
1779
1780
1780
1781
1782
1782
1783
1783
1784
1784
1785
1785
1785
1786
1786
1787
1788
1788
1789
1789
1790
1790
1791
1791
1791
1792
1792
1793
1794
1794
1795
1795
1796
1796
1797
1797
1797
1798
1798
1799
1800
1800
1801
1801
1802
1802
1803
1803
1803
1804
1804
1805
1805
1806
1806
1807
1807
1808
1808
1809
1810
1810
1811
1811
1812
1812
1813
1813
1813
1814
1814
1815
1816
1816
1817
1817
1818
1818
1819
1819
1819
1820
1820
1821
1822
1822
1823
1823
1824
1824
1825
1825
1825
1826
1826
1827
1828
1828
1829
1829
1830
1830
1831
1831
1831
1832
1832
1833
1833
1834
1834
1835
1835
1836
1836
1837
1838
1838
1839
1839
1840
1840
1841
1841
1841
1842
1842
1843
1844
1844
1845
1845
1846
1846
1847
1847
1847
1848
1848
1849
1850
1850
1851
1851
1852
1852
1853
1853
1853
1854
1854
1855
1856
1856
1857
1857
1858
1858
1859
1859
1859
1860
1860
1861
1861
1862
1862
1863
1863
1864
1864
1865
1866
1866
1867
1867
1868
1868
1869
1869
1869
1870
1870
1871
1872
1872
1873
1873
1874
1874
1875
1875
1875
1876
1876
1877
1878
1878
1879
1879
1880
1880
1881
1881
1881
1882
1882
1883
1884
1884
1885
1885
1886
1886
1887
1887
1887
1888
1888
1889
1889
1890
1890
1891
1891
1892
1892
1893
1893
1894
1894
1895
1895
1896
1896
1897
1897
1898
1898
1899
1899
1900
1900
1901
1902
1902
1903
1903
1904
1904
1905
1905
1905
1906
1906
1907
1908
1908
1909
1909
1910
1910
1911
1911
1911
1912
1912
1913
1914
1914
1915
1915
1916
1916
1917
1917
1917
1918
1918
1919
1920
1920
1921
1921
1922
1922
1923
1923
1923
1924
1925
1926
1927
1928
1930
1931
1931
1932
1932
1933
1933
1934
1934
1935
1936
1936
1937
1937
1938
1938
1939
1939
1939
1940
1940
1941
1942
1942
1943
1943
1944
1944
1945
1945
1945
1946
1946
1947
1948
1948
1949
1949
1950
1950
1951
1951
1951
1952
1952
1953
1954
1954
1955
1955
1956
1956
1957
1957
1957
1958
1958
1959
1959
1960
1960
1961
1961
1962
1962
1963
1964
1965
1966
1967
1968
1969
1970
1971
1971
1972
1972
1973
1973
1974
1974
1975
1975
1976
1976
1977
1977
1978
1978
1979
1979
1980
1980
1981
1981
1982
1982
1983
1984
1984
1985
1985
1986
1986
1987
1987
1987
1988
1988
1989
1990
1990
1991
1991
1992
1992
1993
1993
1993
1994
1994
1995
1996
1996
1997
1997
1998
1998
1999
1999
1999
2000
2000
2001
2002
2002
2003
2003
2004
2004
2005
2005
2005
2006
2006
2007
2007
2008
2008
2009
2009
2010
2010
2011
2012
2012
2013
2013
2014
2014
2015
2015
2015
2016
2016
2017
2018
2018
2019
2019
2020
2020
2021
2021
2021
2022
2022
2023
2024
2024
2025
2025
2026
2026
2027
2027
2027
2028
2028
2029
2030
2030
2031
2031
2032
2032
2033
2033
2033
2034
2034
2035
2035
2036
2036
2037
2037
2038
2038
2039
2040
2041
2042
2043
2044
2045
2046
2047
2047
2048
2048
2049
2049
2050
2050
2051
2051
2052
2052
2053
2053
2054
2054
2055
2056
2056
2057
2057
2058
2058
2059
2059
2059
2060
2060
2061
2062
2062
2063
2063
2064
2064
2065
2065
2065
2066
2066
2067
2068
2068
2069
2069
2070
2070
2071
2071
2071
2072
2072
2073
2074
2074
2075
2075
2076
2076
2077
2077
2077
2078
2078
2079
2079
2080
2080
2081
2081
2082
2082
2083
2084
2085
2086
2087
2088
2089
2090
2091
2091
2092
2092
2093
2093
2094
2094
2095
2096
2097
2098
2099
2101
2102
2103
2104
2105
2106
2107
2108
2109
2110
2111
2112
2113
2114
2115
2116
2117
2118
2119
2120
2121
2122
2123
2124
2125
2126
1
318
317
316
315
314
313
312
311
310
309
308
307
306
2
3
4
29
30
5
6
7
8
9
10
11
12
13
14
15
16
17
18
19
20
21
22
23
24
25
26
27
28
2
31
124
123
122
121
125
120
219
218
217
216
215
214
213
212
220
211
32
33
34
35
36
37
38
39
40
41
42
43
44
45
46
47
48
49
50
51
52
53
54
55
56
57
58
59
60
61
62
63
64
65
66
67
68
69
70
71
72
73
74
75
76
77
78
79
80
81
82
83
84
85
86
87
88
89
90
91
92
93
94
95
96
97
98
99
100
101
102
103
104
105
106
107
108
109
110
111
112
113
114
115
116
117
118
119
31
120
170
169
167
168
166
165
163
164
162
161
159
160
158
157
155
156
154
152
153
151
150
148
149
147
146
145
144
143
142
141
140
139
138
137
136
135
134
133
132
131
130
129
128
127
126
125
171
172
173
174
175
176
177
178
179
180
181
182
183
184
185
186
187
188
189
190
191
192
193
194
195
196
197
198
199
200
201
202
203
204
205
206
207
208
209
210
211
305
304
303
302
301
300
298
299
297
296
295
294
293
292
291
289
290
288
287
285
286
284
283
282
280
281
279
278
276
277
275
274
273
271
272
270
269
267
268
266
265
264
262
263
261
260
258
259
257
256
255
253
254
252
251
249
250
248
247
246
245
244
243
242
241
240
239
238
237
236
235
234
233
232
231
230
229
228
227
226
225
224
223
222
221
220
1
318
317
316
315
314
313
312
311
310
309
308
307
306
3
4
29
30
5
6
7
8
9
10
11
12
13
14
15
16
17
18
19
20
21
22
23
24
25
26
27
28
124
123
122
121
219
218
217
216
215
214
213
212
32
33
34
35
36
37
38
39
40
41
42
43
44
45
46
47
48
49
50
51
52
53
54
55
56
57
58
59
60
61
62
63
64
65
66
67
68
69
70
71
72
73
74
75
76
77
78
79
80
81
82
83
84
85
86
87
88
89
90
91
92
93
94
95
96
97
98
99
100
101
102
103
104
105
106
107
108
109
110
111
112
113
114
115
116
117
118
119
170
169
167
168
166
165
163
164
162
161
159
160
158
157
155
156
154
152
153
151
150
148
149
147
146
145
144
143
142
141
140
139
138
137
136
135
134
133
132
131
130
129
128
127
126
171
172
173
174
175
176
177
178
179
180
181
182
183
184
185
186
187
188
189
190
191
192
193
194
195
196
197
198
199
200
201
202
203
204
205
206
207
208
209
210
305
304
303
302
301
300
298
299
297
296
295
294
293
292
291
289
290
288
287
285
286
284
283
282
280
281
279
278
276
277
275
274
273
271
272
270
269
267
268
266
265
264
262
263
261
260
258
259
257
256
255
253
254
252
251
249
250
248
247
246
245
244
243
242
241
240
239
238
237
236
235
234
233
232
231
230
229
228
227
226
225
224
223
222
221
1469
0
1464
319
1468
1465
2127
2102
320
345
2101
2100
346
1467
2091
1466
2099
347
348
2092
1461
2126
1460
321
1456
1457
2125
1459
322
1450
2098
1458
2093
1451
2097
1455
2094
1454
2124
1434
323
1435
1453
2123
1452
324
1436
2096
1437
2095
1449
2047
1448
2048
1444
2090
1445
1447
2089
1422
2077
1446
2078
1423
2088
1443
1442
2087
1438
2079
1439
2080
1441
2086
1424
1440
2085
1425
2081
1433
2082
1432
349
2084
350
1431
1971
1430
2083
351
352
1972
1429
2076
1428
2075
353
354
2071
1427
2072
1426
2074
355
356
2065
1413
2073
1412
2066
1408
2070
1409
2069
1411
2049
1402
2050
1410
2068
1403
2067
1407
2051
1406
2052
1386
2064
1387
2063
1405
2059
1404
2060
1388
2062
1389
1973
1401
2061
1400
1974
1396
2058
1397
2057
1399
2053
1358
2054
1398
2056
1359
1975
1395
2055
1394
1976
1390
2122
1391
325
1393
1360
2121
1392
326
1361
2046
1385
2033
1384
2045
1380
2034
1381
2120
1383
327
1374
1382
2119
1375
328
1379
2044
1378
2035
1294
2043
1295
2036
1377
2118
1376
329
1296
1297
2117
1373
330
1372
2042
1368
2037
1369
2041
1371
2038
1362
2116
1370
331
1363
1367
2115
1366
332
1298
2040
1299
2039
1365
1544
1364
1545
1300
2032
1301
2031
1357
2027
1356
2028
1352
2030
1353
2021
1355
2029
1346
2022
1354
2026
1347
2025
1351
2005
1350
2006
1330
2024
1331
2023
1349
2007
1348
2008
1332
2020
1333
2019
1345
2015
1344
2016
1340
2018
1341
1977
1343
2017
1206
1978
1342
2014
1207
2013
1339
2009
1338
2010
1334
2012
1335
1979
1337
2011
1208
1980
1336
2004
1209
2003
1329
1999
1328
2000
1324
2002
1325
1993
1327
2001
1318
1994
1326
1998
1319
1997
1323
1546
1322
1547
1302
1996
1303
1995
1321
1548
1320
1549
1304
1992
1305
1991
1317
1987
1316
1988
1312
1990
1313
1981
1315
1989
1210
1982
1314
1986
1211
1985
1311
1550
1310
1551
1306
1984
1307
1983
1309
1552
1212
1553
1308
1970
1213
1293
1969
1292
1957
1288
1958
1289
1968
1291
1282
1967
1290
1959
1283
1960
1287
1966
1286
1266
1965
1267
1961
1285
1962
1284
1964
1268
1269
1931
1281
1963
1280
1932
1276
1956
1277
1955
1279
1951
1254
1952
1278
1954
1255
1945
1275
1953
1274
1946
1270
1950
1271
1949
1273
1887
1256
1888
1272
1948
1257
1947
1265
1889
1264
1890
357
358
1944
1263
1943
1262
1939
359
360
1940
1261
1942
1260
1933
361
362
1941
1259
1934
1258
1938
363
364
1937
1253
1891
1252
1892
1248
1936
1249
1935
1251
1893
1242
1894
1250
1243
1930
1247
1923
1246
1924
1226
1227
1925
1245
1926
1244
1228
1927
1229
1928
1241
1240
1929
1236
1770
1237
1922
1239
1921
1214
1917
1238
1918
1215
1920
1235
1911
1234
1919
1230
1912
1231
1916
1233
1915
1216
1895
1232
1896
1217
1914
1225
1913
1224
365
1897
366
1898
1223
1910
1222
367
1909
368
1905
1221
1906
1220
369
1908
370
1771
1219
1907
1218
371
1772
372
1904
1205
1903
1204
1899
1200
1900
1201
1902
1203
1773
1194
1901
1202
1774
1195
1886
1199
1885
1198
1881
1178
1882
1179
1884
1197
1875
1196
1883
1180
1876
1181
1880
1193
1879
1192
1859
1188
1860
1189
1878
1191
1877
1150
1861
1190
1862
1151
1874
1187
1873
1186
1869
1182
1870
1183
1872
1185
1831
1152
1871
1184
1832
1153
1868
1177
1867
1176
1863
1172
1864
1173
1866
1175
1833
1166
1865
1174
1834
1167
1858
1171
1857
1170
1853
1086
1854
1087
1856
1169
1847
1168
1855
1088
1848
1089
1852
1165
1851
1164
1554
1160
1555
1161
1850
1163
1849
1154
1556
1162
1557
1155
1846
1159
1845
1158
1841
1090
1842
1091
1844
1157
1835
1156
1843
1092
1836
1093
1840
1149
1839
1148
1558
1144
1559
1145
1838
1147
1837
1138
1560
1146
1561
1139
1830
1143
1829
1142
1825
1122
1826
1123
1828
1141
1819
1140
1827
1124
1820
1125
1824
1137
1823
1136
1803
1132
1804
1133
1822
1135
1821
998
1805
1134
1806
999
1818
1131
1817
1130
1813
1126
1814
1127
1816
1129
1775
1000
1815
1128
1776
1001
1812
1121
1811
1120
1807
1116
1808
1117
1810
1119
1777
1110
1809
1118
1778
1111
1802
1115
1801
1114
1797
1094
1798
1095
1800
1113
1791
1112
1799
1096
1792
1097
1796
1109
1795
1108
1562
1104
1563
1105
1794
1107
1793
1002
1564
1106
1565
1003
1790
1103
1789
1102
1785
1098
1786
1099
1788
1101
1779
1004
1787
1100
1780
1005
1784
1085
1783
1084
1566
1080
1567
1081
1782
1083
1781
1074
1568
1082
1569
1075
1079
1769
1078
1768
1058
1059
1767
1077
1762
1076
1763
1060
1765
1061
1073
1766
1072
1764
1068
1757
1069
1761
1071
1760
1046
1736
1070
1737
1047
1759
1067
1758
1066
1738
1062
1739
1063
1065
1753
1048
1754
1064
1049
1755
1057
1056
1756
373
374
1752
1055
1751
1054
1740
375
376
1741
1053
1750
1052
1749
377
378
1742
1051
1743
1050
379
1748
380
1045
1746
1044
1744
1040
1745
1041
1043
1747
1034
1676
1042
1675
1035
1039
1672
1038
1673
1018
1019
1674
1037
1735
1036
1734
1020
1730
1021
1731
1033
1733
1032
1724
1028
1732
1029
1725
1031
1729
1006
1728
1030
1708
1007
1709
1027
1727
1026
1726
1022
1710
1023
1711
1025
1723
1008
1722
1024
1718
1009
1719
1017
1721
1016
381
1680
382
1720
1015
1681
1014
383
1717
384
1716
1013
1712
1012
385
1713
386
1715
1011
1682
1010
387
1714
388
1683
997
1707
996
1706
853
1702
854
1703
995
1705
857
1696
855
1704
856
1697
852
1701
851
1700
656
1570
657
1571
850
1699
849
1698
658
1572
659
1573
858
1695
845
1694
847
1690
846
1691
844
1693
841
1684
843
1692
842
1685
848
1689
662
1688
660
661
1574
663
664
1575
655
1687
654
1686
650
1576
651
1577
653
1679
644
1678
652
1666
645
1667
649
1677
648
1670
608
1668
609
1669
647
1665
646
1664
610
1648
611
1649
643
1663
642
1662
637
1650
638
1651
640
1671
641
1658
639
1660
632
1659
636
1657
635
612
1628
613
1656
634
1629
633
1661
614
1654
615
1652
840
1653
837
1655
839
1630
838
1632
836
1631
833
1647
835
1646
834
1642
665
666
1643
667
1645
668
669
1636
832
1644
831
1637
827
1641
828
1640
830
1578
821
1579
829
1639
822
1638
826
1580
825
1581
670
671
1635
824
1634
823
1600
672
673
1601
629
1633
630
1604
631
1602
628
1603
627
1599
616
1598
617
1582
626
1583
625
1597
618
1596
619
1584
624
1585
623
620
1627
621
622
1626
527
1623
607
1624
606
1625
602
603
1618
605
1622
596
1621
604
1606
597
1607
601
1620
600
1619
580
1608
581
1609
599
1616
598
582
1617
583
1615
595
1614
594
1610
590
1611
591
593
1613
568
976
592
1612
569
977
589
1605
588
1592
584
1594
585
1593
587
1591
570
990
586
1590
571
991
579
1595
578
389
1588
390
1586
577
1587
576
391
1589
392
992
575
994
574
393
993
394
989
573
988
572
395
984
396
985
567
987
566
978
562
986
563
979
565
983
556
982
564
859
557
860
561
981
560
980
540
861
541
862
559
558
975
542
970
543
555
971
554
972
550
551
973
553
528
974
552
969
529
968
549
964
548
965
544
967
545
958
547
966
530
959
546
963
531
962
539
863
538
864
397
398
961
537
960
536
865
399
400
866
535
957
534
401
956
402
951
533
952
532
403
404
954
820
819
955
815
953
816
946
818
950
808
949
817
867
809
868
814
948
813
947
674
675
869
812
870
810
943
676
811
944
807
945
806
802
938
803
942
805
941
792
871
804
872
793
940
801
939
798
873
800
874
799
935
797
794
936
796
937
795
677
678
930
526
679
934
680
681
933
682
875
791
876
790
932
786
931
787
877
789
878
776
788
927
777
928
785
782
929
784
922
783
926
781
925
778
879
780
880
779
924
775
923
774
881
770
882
771
773
919
760
920
772
761
921
769
914
766
918
768
917
767
883
765
884
762
916
764
915
763
683
885
684
685
886
686
687
688
911
689
690
912
525
524
913
520
906
521
523
910
522
909
515
887
519
888
518
908
503
907
504
889
517
890
516
903
505
506
904
513
514
905
512
898
511
902
507
901
508
891
510
892
493
900
509
899
494
893
502
894
501
405
406
897
500
717
499
407
408
716
498
497
715
409
410
896
496
718
495
895
411
412
719
492
713
491
714
479
712
480
490
711
489
2114
481
333
482
488
2113
487
334
483
1543
484
1530
486
1542
469
1531
485
2112
470
335
478
477
2111
413
414
336
476
1541
475
1532
415
416
1540
474
1533
473
417
2110
418
337
472
471
2109
419
420
338
759
1539
758
1534
754
1538
755
1535
757
2108
744
339
756
745
2107
753
340
750
1537
752
1536
751
1472
749
1473
746
1529
748
1528
747
1524
743
1525
742
1527
738
1518
739
1526
741
1519
728
1523
740
1522
729
1502
737
1503
734
1521
736
1520
735
1504
733
1505
730
1517
732
1516
731
1512
691
692
1513
693
694
1515
695
696
1414
697
698
1514
727
1415
720
1511
726
1510
721
1506
709
1507
710
1509
708
707
1416
725
1508
722
1417
724
1501
723
1500
705
1496
706
1497
704
703
1499
699
700
1490
701
702
1498
468
1491
467
1495
455
1494
456
1474
466
1475
465
1493
457
1492
458
1476
464
1477
463
1489
459
1488
460
1484
462
1485
445
1487
461
1418
446
1486
454
1419
453
421
1483
422
1482
452
1478
451
423
1479
424
1481
450
1420
449
425
1480
426
1421
448
447
2106
427
428
341
444
2105
443
342
437
1471
438
1462
442
441
1470
439
1463
440
436
2104
435
343
429
430
2103
434
433
344
431
432
2
220
31
211
125
120
1
318
317
316
315
314
313
312
311
310
309
308
307
306
3
4
29
30
5
6
7
8
9
10
11
12
13
14
15
16
17
18
19
20
21
22
23
24
25
26
27
28
124
123
122
121
219
218
217
216
215
214
213
212
32
33
34
35
36
37
38
39
40
41
42
43
44
45
46
47
48
49
50
51
52
53
54
55
56
57
58
59
60
61
62
63
64
65
66
67
68
69
70
71
72
73
74
75
76
77
78
79
80
81
82
83
84
85
86
87
88
89
90
91
92
93
94
95
96
97
98
99
100
101
102
103
104
105
106
107
108
109
110
111
112
113
114
115
116
117
118
119
170
169
167
168
166
165
163
164
162
161
159
160
158
157
155
156
154
152
153
151
150
148
149
147
146
145
144
143
142
141
140
139
138
137
136
135
134
133
132
131
130
129
128
127
126
171
172
173
174
175
176
177
178
179
180
181
182
183
184
185
186
187
188
189
190
191
192
193
194
195
196
197
198
199
200
201
202
203
204
205
206
207
208
209
210
305
304
303
302
301
300
298
299
297
296
295
294
293
292
291
289
290
288
287
285
286
284
283
282
280
281
279
278
276
277
275
274
273
271
272
270
269
267
268
266
265
264
262
263
261
260
258
259
257
256
255
253
254
252
251
249
250
248
247
246
245
244
243
242
241
240
239
238
237
236
235
234
233
232
231
230
229
228
227
226
225
224
223
222
221
344
1469
0
1464
1468
319
1465
2127
2102
320
345
2101
346
2100
1467
2091
1466
347
2099
348
2092
1461
1460
2126
1456
321
1457
2125
1459
322
1450
2098
1458
2093
1451
2097
1455
2094
1454
1434
2124
1435
323
1453
2123
1452
324
1436
2096
1437
2095
1449
2047
1448
2048
1444
1445
2090
1447
2089
1422
2077
1446
2078
1423
1443
2088
1442
2087
1438
2079
1439
2080
1441
1424
2086
1440
2085
1425
2081
1433
2082
1432
349
350
2084
1431
1971
1430
351
2083
352
1972
1429
2076
1428
353
2075
354
2071
1427
2072
1426
355
2074
356
2065
1413
2073
1412
2066
1408
2070
1409
2069
1411
2049
1402
2050
1410
2068
1403
2067
1407
2051
1406
2052
1386
2064
1387
2063
1405
2059
1404
2060
1388
2062
1389
1973
1401
2061
1400
1974
1396
2058
1397
2057
1399
2053
1358
2054
1398
2056
1359
1975
1395
2055
1394
1976
1390
1391
2122
1393
325
1360
2121
1392
326
1361
2046
1385
2033
1384
2045
1380
2034
1381
1383
2120
1374
327
1382
2119
1375
328
1379
2044
1378
2035
1294
2043
1295
2036
1377
1376
2118
1296
329
1297
2117
1373
330
1372
2042
1368
2037
1369
2041
1371
2038
1362
1370
2116
1363
331
1367
2115
1366
332
1298
2040
1299
2039
1365
1544
1364
1545
1300
2032
1301
2031
1357
2027
1356
2028
1352
2030
1353
2021
1355
2029
1346
2022
1354
2026
1347
2025
1351
2005
1350
2006
1330
2024
1331
2023
1349
2007
1348
2008
1332
2020
1333
2019
1345
2015
1344
2016
1340
2018
1341
1977
1343
2017
1206
1978
1342
2014
1207
2013
1339
2009
1338
2010
1334
2012
1335
1979
1337
2011
1208
1980
1336
2004
1209
2003
1329
1999
1328
2000
1324
2002
1325
1993
1327
2001
1318
1994
1326
1998
1319
1997
1323
1546
1322
1547
1302
1996
1303
1995
1321
1548
1320
1549
1304
1992
1305
1991
1317
1987
1316
1988
1312
1990
1313
1981
1315
1989
1210
1982
1314
1986
1211
1985
1311
1550
1310
1551
1306
1984
1307
1983
1309
1552
1212
1553
1308
1213
1970
1293
1969
1292
1957
1288
1958
1289
1291
1968
1282
1967
1290
1959
1283
1960
1287
1286
1966
1266
1965
1267
1961
1285
1962
1284
1268
1964
1269
1931
1281
1963
1280
1932
1276
1956
1277
1955
1279
1951
1254
1952
1278
1954
1255
1945
1275
1953
1274
1946
1270
1950
1271
1949
1273
1887
1256
1888
1272
1948
1257
1947
1265
1889
1264
357
1890
358
1944
1263
1943
1262
359
1939
360
1940
1261
1942
1260
361
1933
362
1941
1259
1934
1258
363
1938
364
1937
1253
1891
1252
1892
1248
1936
1249
1935
1251
1893
1242
1894
1250
1243
1930
1247
1923
1246
1226
1924
1227
1925
1245
1244
1926
1228
1927
1229
1241
1928
1240
1929
1236
1237
1770
1239
1922
1214
1921
1238
1917
1215
1918
1235
1920
1234
1911
1230
1919
1231
1912
1233
1916
1216
1915
1232
1895
1217
1896
1225
1914
1224
1913
365
366
1897
1223
1898
1222
1910
367
368
1909
1221
1905
1220
1906
369
370
1908
1219
1771
1218
1907
371
372
1772
1205
1904
1204
1903
1200
1899
1201
1900
1203
1902
1194
1773
1202
1901
1195
1774
1199
1886
1198
1885
1178
1881
1179
1882
1197
1884
1196
1875
1180
1883
1181
1876
1193
1880
1192
1879
1188
1859
1189
1860
1191
1878
1150
1877
1190
1861
1151
1862
1187
1874
1186
1873
1182
1869
1183
1870
1185
1872
1152
1831
1184
1871
1153
1832
1177
1868
1176
1867
1172
1863
1173
1864
1175
1866
1166
1833
1174
1865
1167
1834
1171
1858
1170
1857
1086
1853
1087
1854
1169
1856
1168
1847
1088
1855
1089
1848
1165
1852
1164
1851
1160
1554
1161
1555
1163
1850
1154
1849
1162
1556
1155
1557
1159
1846
1158
1845
1090
1841
1091
1842
1157
1844
1156
1835
1092
1843
1093
1836
1149
1840
1148
1839
1144
1558
1145
1559
1147
1838
1138
1837
1146
1560
1139
1561
1143
1830
1142
1829
1122
1825
1123
1826
1141
1828
1140
1819
1124
1827
1125
1820
1137
1824
1136
1823
1132
1803
1133
1804
1135
1822
998
1821
1134
1805
999
1806
1131
1818
1130
1817
1126
1813
1127
1814
1129
1816
1000
1775
1128
1815
1001
1776
1121
1812
1120
1811
1116
1807
1117
1808
1119
1810
1110
1777
1118
1809
1111
1778
1115
1802
1114
1801
1094
1797
1095
1798
1113
1800
1112
1791
1096
1799
1097
1792
1109
1796
1108
1795
1104
1562
1105
1563
1107
1794
1002
1793
1106
1564
1003
1565
1103
1790
1102
1789
1098
1785
1099
1786
1101
1788
1004
1779
1100
1787
1005
1780
1085
1784
1084
1783
1080
1566
1081
1567
1083
1782
1074
1781
1082
1568
1075
1569
1079
1078
1769
1058
1768
1059
1767
1077
1762
1076
1763
1060
1061
1765
1073
1072
1766
1068
1764
1069
1757
1071
1761
1046
1760
1070
1736
1047
1737
1067
1759
1066
1758
1062
1738
1063
1739
1065
1753
1048
1064
1754
1049
1755
1057
1056
373
1756
374
1752
1055
1751
1054
375
1740
376
1741
1053
1750
1052
377
1749
378
1742
1051
1743
1050
379
380
1748
1045
1746
1044
1744
1040
1745
1041
1043
1747
1034
1676
1042
1035
1675
1039
1672
1038
1018
1673
1019
1037
1674
1036
1735
1020
1734
1021
1730
1033
1731
1032
1733
1028
1724
1029
1732
1031
1725
1006
1729
1030
1728
1007
1708
1027
1709
1026
1727
1022
1726
1023
1710
1025
1711
1008
1723
1024
1722
1009
1718
1017
1719
1016
1721
381
382
1680
1015
1720
1014
1681
383
384
1717
1013
1716
1012
1712
385
386
1713
1011
1715
1010
1682
387
388
1714
997
1683
996
1707
853
1706
854
1702
995
1703
857
1705
855
1696
856
1704
852
1697
851
1701
656
1700
657
1570
850
1571
849
1699
658
1698
659
1572
858
1573
845
1695
847
1694
846
1690
844
1691
841
1693
843
1684
842
1692
848
1685
662
1689
660
1688
661
663
1574
664
1575
655
1687
654
1686
650
1576
651
1577
653
1679
644
1678
652
1666
645
1667
649
1677
648
1670
608
1668
609
1669
647
1665
646
1664
610
1648
611
1649
643
1663
642
1662
637
1650
638
1651
640
641
1671
639
1658
632
1660
636
1659
635
1657
612
1628
613
1656
634
1629
633
1661
614
1654
615
1652
840
1653
837
1655
839
1630
838
1632
836
1631
833
1647
835
1646
834
665
1642
666
667
1643
668
1645
669
1636
832
1644
831
1637
827
1641
828
1640
830
1578
821
1579
829
1639
822
1638
826
1580
825
670
1581
671
1635
824
1634
823
672
1600
673
1601
629
1633
630
631
1604
628
1602
627
1603
616
1599
617
1598
626
1582
625
1583
618
1597
619
1596
1584
624
623
1585
620
1627
621
622
1626
527
1623
607
1624
606
602
1625
603
1618
605
1622
596
1621
604
1606
597
1607
601
1620
600
1619
580
1608
581
1609
599
598
1616
582
583
1617
595
1615
594
1614
590
1610
591
1611
593
1613
568
592
976
569
1612
589
977
588
1605
584
1592
585
1594
587
1593
570
1591
586
990
571
1590
579
991
578
1595
389
390
1588
577
1586
576
1587
391
392
1589
575
992
574
994
393
394
993
573
989
572
988
395
396
984
567
985
566
987
562
978
563
986
565
979
556
983
564
982
557
859
561
860
560
981
540
980
541
861
559
862
558
542
975
543
970
555
971
554
550
972
551
973
553
528
974
552
969
529
968
549
964
548
965
544
967
545
958
547
966
530
959
546
963
531
962
539
863
538
397
864
398
961
537
960
536
399
865
400
866
535
957
534
401
402
956
533
951
532
952
403
404
954
820
819
955
815
953
816
946
818
950
808
949
817
867
809
868
814
948
813
674
947
675
869
812
870
810
676
943
811
944
807
806
945
802
938
803
942
805
941
792
871
804
872
793
940
801
939
798
873
800
874
799
797
935
794
936
796
795
937
677
678
526
930
679
680
934
681
682
933
791
875
790
876
786
932
787
931
789
877
776
878
788
927
777
785
928
782
929
784
783
922
781
926
778
925
780
879
779
880
775
924
774
923
770
881
771
882
773
919
760
772
920
761
921
769
766
914
768
918
767
917
765
883
762
884
764
916
763
915
683
684
885
685
686
886
687
688
689
911
690
525
912
524
913
520
521
906
523
910
522
909
515
887
519
888
518
908
503
907
504
889
517
890
516
505
903
506
904
513
514
905
512
511
898
507
902
508
901
510
891
493
892
509
900
494
899
502
893
501
894
405
406
897
500
499
717
407
408
716
498
497
409
715
410
896
496
718
495
411
895
412
719
492
713
491
479
714
480
712
490
711
489
481
2114
482
333
488
2113
487
334
483
1543
484
1530
486
1542
469
1531
485
470
2112
478
335
477
413
2111
414
336
476
1541
475
415
1532
416
1540
474
1533
473
417
418
2110
472
337
471
419
2109
420
338
759
1539
758
1534
754
1538
755
1535
757
744
2108
756
339
745
2107
753
340
750
1537
752
1536
751
1472
749
1473
746
1529
748
1528
747
1524
743
1525
742
1527
738
1518
739
1526
741
1519
728
1523
740
1522
729
1502
737
1503
734
1521
736
1520
735
1504
733
1505
730
1517
732
1516
731
691
1512
692
693
1513
694
695
1515
696
697
1414
698
1514
727
1415
720
1511
726
1510
721
1506
709
710
1507
708
1509
707
1416
725
1508
722
1417
724
1501
723
1500
705
706
1496
704
1497
703
699
1499
700
701
702
1490
468
1498
467
1491
455
1495
456
1494
466
1474
465
1475
457
1493
458
1492
464
1476
463
1477
459
1489
460
1488
462
1484
445
1485
461
1487
446
1418
454
1486
453
1419
421
422
1483
452
1482
451
1478
423
424
1479
450
1481
449
1420
425
426
1480
448
1421
447
427
2106
428
341
444
443
2105
437
342
438
1471
442
1462
441
1470
439
440
1463
436
2104
435
429
343
430
434
2103
433
431
432
2
220
31
211
125
120
)


// ************************************************************************* //
