/*--------------------------------*- C++ -*----------------------------------*\
| =========                 |                                                 |
| \\      /  F ield         | OpenFOAM: The Open Source CFD Toolbox           |
|  \\    /   O peration     | Version:  2306                                  |
|   \\  /    A nd           | Website:  www.openfoam.com                      |
|    \\/     M anipulation  |                                                 |
\*---------------------------------------------------------------------------*/
FoamFile
{
    version     2.0;
    format      ascii;
    arch        "LSB;label=32;scalar=64";
    class       faceList;
    location    "constant/polyMesh";
    object      faces;
}
// * * * * * * * * * * * * * * * * * * * * * * * * * * * * * * * * * * * * * //


1000
(
4(221 220 512 513)
4(214 220 221 215)
4(223 222 514 515)
4(220 222 223 221)
4(229 228 516 517)
4(222 228 229 223)
4(231 230 518 519)
4(228 230 231 229)
4(301 300 520 521)
4(230 300 301 231)
4(303 302 522 523)
4(300 302 303 301)
4(309 308 524 525)
4(302 308 309 303)
4(311 310 526 527)
4(308 310 311 309)
4(317 316 528 529)
4(310 316 317 311)
4(319 318 530 531)
4(316 318 319 317)
4(325 324 532 533)
4(318 324 325 319)
4(327 326 534 535)
4(324 326 327 325)
4(487 486 536 537)
4(326 486 487 327)
4(489 488 538 539)
4(486 488 489 487)
4(495 494 540 541)
4(488 494 495 489)
4(497 496 542 543)
4(494 496 497 495)
4(503 502 544 545)
4(496 502 503 497)
4(505 504 546 547)
4(502 504 505 503)
4(504 508 509 505)
4(216 220 221 217)
4(212 216 217 213)
4(218 222 223 219)
4(216 218 219 217)
4(224 228 229 225)
4(218 224 225 219)
4(226 230 231 227)
4(224 226 227 225)
4(296 300 301 297)
4(226 296 297 227)
4(298 302 303 299)
4(296 298 299 297)
4(304 308 309 305)
4(298 304 305 299)
4(306 310 311 307)
4(304 306 307 305)
4(312 316 317 313)
4(306 312 313 307)
4(314 318 319 315)
4(312 314 315 313)
4(320 324 325 321)
4(314 320 321 315)
4(322 326 327 323)
4(320 322 323 321)
4(482 486 487 483)
4(322 482 483 323)
4(484 488 489 485)
4(482 484 485 483)
4(490 494 495 491)
4(484 490 491 485)
4(492 496 497 493)
4(490 492 493 491)
4(498 502 503 499)
4(492 498 499 493)
4(500 504 505 501)
4(498 500 501 499)
4(500 506 507 501)
4(476 477 501 500)
4(476 480 481 477)
4(474 475 499 498)
4(474 476 477 475)
4(456 457 493 492)
4(456 474 475 457)
4(454 455 491 490)
4(454 456 457 455)
4(448 449 485 484)
4(448 454 455 449)
4(446 447 483 482)
4(446 448 449 447)
4(294 446 447 295)
4(294 295 323 322)
4(442 446 447 443)
4(290 442 443 291)
4(290 291 295 294)
4(444 448 449 445)
4(442 444 445 443)
4(450 454 455 451)
4(444 450 451 445)
4(452 456 457 453)
4(450 452 453 451)
4(470 474 475 471)
4(452 470 471 453)
4(472 476 477 473)
4(470 472 473 471)
4(472 478 479 473)
4(464 465 473 472)
4(464 468 469 465)
4(462 463 471 470)
4(462 464 465 463)
4(440 462 463 441)
4(440 441 453 452)
4(458 462 463 459)
4(436 458 459 437)
4(436 437 441 440)
4(460 464 465 461)
4(458 460 461 459)
4(460 466 467 461)
4(420 421 461 460)
4(420 424 425 421)
4(418 419 459 458)
4(418 420 421 419)
4(400 401 437 436)
4(400 418 419 401)
4(434 435 437 436)
4(398 399 435 434)
4(398 400 401 399)
4(438 439 441 440)
4(434 435 439 438)
4(438 439 451 450)
4(432 433 445 444)
4(432 438 439 433)
4(430 431 443 442)
4(430 432 433 431)
4(278 430 431 279)
4(278 279 291 290)
4(426 430 431 427)
4(274 426 427 275)
4(274 275 279 278)
4(428 432 433 429)
4(426 428 429 427)
4(428 434 435 429)
4(392 393 429 428)
4(392 398 399 393)
4(390 391 427 426)
4(390 392 393 391)
4(170 390 391 171)
4(170 171 275 274)
4(386 390 391 387)
4(166 386 387 167)
4(166 167 171 170)
4(388 392 393 389)
4(386 388 389 387)
4(394 398 399 395)
4(388 394 395 389)
4(396 400 401 397)
4(394 396 397 395)
4(414 418 419 415)
4(396 414 415 397)
4(416 420 421 417)
4(414 416 417 415)
4(416 422 423 417)
4(408 409 417 416)
4(408 412 413 409)
4(406 407 415 414)
4(406 408 409 407)
4(384 406 407 385)
4(384 385 397 396)
4(402 406 407 403)
4(380 402 403 381)
4(380 381 385 384)
4(404 408 409 405)
4(402 404 405 403)
4(404 410 411 405)
4(364 365 405 404)
4(364 368 369 365)
4(362 363 403 402)
4(362 364 365 363)
4(350 351 381 380)
4(350 362 363 351)
4(378 379 381 380)
4(348 349 379 378)
4(348 350 351 349)
4(382 383 385 384)
4(378 379 383 382)
4(382 383 395 394)
4(376 377 389 388)
4(376 382 383 377)
4(374 375 387 386)
4(374 376 377 375)
4(154 374 375 155)
4(154 155 167 166)
4(370 374 375 371)
4(150 370 371 151)
4(150 151 155 154)
4(372 376 377 373)
4(370 372 373 371)
4(372 378 379 373)
4(342 343 373 372)
4(342 348 349 343)
4(340 341 371 370)
4(340 342 343 341)
4(106 340 341 107)
4(106 107 151 150)
4(336 340 341 337)
4(102 336 337 103)
4(102 103 107 106)
4(338 342 343 339)
4(336 338 339 337)
4(344 348 349 345)
4(338 344 345 339)
4(346 350 351 347)
4(344 346 347 345)
4(358 362 363 359)
4(346 358 359 347)
4(360 364 365 361)
4(358 360 361 359)
4(360 366 367 361)
4(354 355 361 360)
4(352 353 359 358)
4(334 335 347 346)
4(332 333 345 344)
4(330 331 339 338)
4(328 329 337 336)
4(90 91 103 102)
4(100 101 103 102)
4(88 89 101 100)
4(104 105 107 106)
4(100 101 105 104)
4(148 149 151 150)
4(104 105 149 148)
4(152 153 155 154)
4(148 149 153 152)
4(164 165 167 166)
4(152 153 165 164)
4(168 169 171 170)
4(164 165 169 168)
4(272 273 275 274)
4(168 169 273 272)
4(276 277 279 278)
4(272 273 277 276)
4(288 289 291 290)
4(276 277 289 288)
4(292 293 295 294)
4(288 289 293 292)
4(292 293 321 320)
4(286 287 315 314)
4(286 292 293 287)
4(284 285 313 312)
4(284 286 287 285)
4(262 263 307 306)
4(262 284 285 263)
4(260 261 305 304)
4(260 262 263 261)
4(254 255 299 298)
4(254 260 261 255)
4(252 253 297 296)
4(252 254 255 253)
4(210 252 253 211)
4(210 211 227 226)
4(248 252 253 249)
4(206 248 249 207)
4(206 207 211 210)
4(250 254 255 251)
4(248 250 251 249)
4(256 260 261 257)
4(250 256 257 251)
4(258 262 263 259)
4(256 258 259 257)
4(280 284 285 281)
4(258 280 281 259)
4(282 286 287 283)
4(280 282 283 281)
4(282 288 289 283)
4(270 271 283 282)
4(270 276 277 271)
4(268 269 281 280)
4(268 270 271 269)
4(246 268 269 247)
4(246 247 259 258)
4(264 268 269 265)
4(242 264 265 243)
4(242 243 247 246)
4(266 270 271 267)
4(264 266 267 265)
4(266 272 273 267)
4(162 163 267 266)
4(162 168 169 163)
4(160 161 265 264)
4(160 162 163 161)
4(138 139 243 242)
4(138 160 161 139)
4(240 241 243 242)
4(136 137 241 240)
4(136 138 139 137)
4(244 245 247 246)
4(240 241 245 244)
4(244 245 257 256)
4(238 239 251 250)
4(238 244 245 239)
4(236 237 249 248)
4(236 238 239 237)
4(194 236 237 195)
4(194 195 207 206)
4(232 236 237 233)
4(190 232 233 191)
4(190 191 195 194)
4(234 238 239 235)
4(232 234 235 233)
4(234 240 241 235)
4(130 131 235 234)
4(130 136 137 131)
4(128 129 233 232)
4(128 130 131 129)
4(58 59 191 190)
4(58 128 129 59)
4(188 189 191 190)
4(56 57 189 188)
4(56 58 59 57)
4(192 193 195 194)
4(188 189 193 192)
4(204 205 207 206)
4(192 193 205 204)
4(208 209 211 210)
4(204 205 209 208)
4(208 209 225 224)
4(202 203 219 218)
4(202 208 209 203)
4(200 201 217 216)
4(200 202 203 201)
4(178 200 201 179)
4(196 200 201 197)
4(176 196 197 177)
4(198 202 203 199)
4(196 198 199 197)
4(198 204 205 199)
4(186 187 199 198)
4(186 192 193 187)
4(184 185 197 196)
4(184 186 187 185)
4(174 184 185 175)
4(180 184 185 181)
4(172 180 181 173)
4(182 186 187 183)
4(180 182 183 181)
4(182 188 189 183)
4(50 51 183 182)
4(50 56 57 51)
4(48 49 181 180)
4(48 50 51 49)
4(26 48 49 27)
4(44 48 49 45)
4(46 50 51 47)
4(44 46 47 45)
4(52 56 57 53)
4(46 52 53 47)
4(54 58 59 55)
4(52 54 55 53)
4(124 128 129 125)
4(54 124 125 55)
4(126 130 131 127)
4(124 126 127 125)
4(132 136 137 133)
4(126 132 133 127)
4(134 138 139 135)
4(132 134 135 133)
4(156 160 161 157)
4(134 156 157 135)
4(158 162 163 159)
4(156 158 159 157)
4(158 164 165 159)
4(146 147 159 158)
4(146 152 153 147)
4(144 145 157 156)
4(144 146 147 145)
4(122 144 145 123)
4(122 123 135 134)
4(140 144 145 141)
4(118 140 141 119)
4(118 119 123 122)
4(142 146 147 143)
4(140 142 143 141)
4(142 148 149 143)
4(98 99 143 142)
4(98 104 105 99)
4(96 97 141 140)
4(96 98 99 97)
4(82 83 119 118)
4(82 96 97 83)
4(116 117 119 118)
4(80 81 117 116)
4(80 82 83 81)
4(120 121 123 122)
4(116 117 121 120)
4(120 121 133 132)
4(114 115 127 126)
4(114 120 121 115)
4(112 113 125 124)
4(112 114 115 113)
4(42 112 113 43)
4(42 43 55 54)
4(108 112 113 109)
4(38 108 109 39)
4(38 39 43 42)
4(110 114 115 111)
4(108 110 111 109)
4(110 116 117 111)
4(74 75 111 110)
4(74 80 81 75)
4(72 73 109 108)
4(72 74 75 73)
4(22 72 73 23)
4(22 23 39 38)
4(68 72 73 69)
4(18 68 69 19)
4(18 19 23 22)
4(70 74 75 71)
4(68 70 71 69)
4(76 80 81 77)
4(70 76 77 71)
4(78 82 83 79)
4(76 78 79 77)
4(92 96 97 93)
4(78 92 93 79)
4(94 98 99 95)
4(92 94 95 93)
4(94 100 101 95)
4(86 87 95 94)
4(84 85 93 92)
4(66 67 79 78)
4(64 65 77 76)
4(62 63 71 70)
4(60 61 69 68)
4(6 7 19 18)
4(16 17 19 18)
4(4 5 17 16)
4(20 21 23 22)
4(16 17 21 20)
4(36 37 39 38)
4(20 21 37 36)
4(40 41 43 42)
4(36 37 41 40)
4(40 41 53 52)
4(34 35 47 46)
4(34 40 41 35)
4(32 34 35 33)
4(30 34 35 31)
4(28 30 31 29)
4(30 36 37 31)
4(14 15 31 30)
4(14 20 21 15)
4(12 14 15 13)
4(10 14 15 11)
4(8 10 11 9)
4(10 16 17 11)
4(2 3 11 10)
4(510 511 513 512)
4(512 513 515 514)
4(514 515 517 516)
4(516 517 519 518)
4(518 519 521 520)
4(520 521 523 522)
4(522 523 525 524)
4(524 525 527 526)
4(526 527 529 528)
4(528 529 531 530)
4(530 531 533 532)
4(532 533 535 534)
4(534 535 537 536)
4(536 537 539 538)
4(538 539 541 540)
4(540 541 543 542)
4(542 543 545 544)
4(544 545 547 546)
4(546 547 549 548)
4(220 214 510 512)
4(222 220 512 514)
4(228 222 514 516)
4(230 228 516 518)
4(300 230 518 520)
4(302 300 520 522)
4(308 302 522 524)
4(310 308 524 526)
4(316 310 526 528)
4(318 316 528 530)
4(324 318 530 532)
4(326 324 532 534)
4(486 326 534 536)
4(488 486 536 538)
4(494 488 538 540)
4(496 494 540 542)
4(502 496 542 544)
4(504 502 544 546)
4(508 504 546 548)
4(0 8 10 2)
4(8 12 14 10)
4(2 10 16 4)
4(4 16 18 6)
4(10 14 20 16)
4(16 20 22 18)
4(12 28 30 14)
4(28 32 34 30)
4(14 30 36 20)
4(20 36 38 22)
4(30 34 40 36)
4(36 40 42 38)
4(32 44 46 34)
4(24 26 48 44)
4(44 48 50 46)
4(34 46 52 40)
4(40 52 54 42)
4(46 50 56 52)
4(52 56 58 54)
4(6 18 68 60)
4(60 68 70 62)
4(18 22 72 68)
4(68 72 74 70)
4(62 70 76 64)
4(64 76 78 66)
4(70 74 80 76)
4(76 80 82 78)
4(66 78 92 84)
4(84 92 94 86)
4(78 82 96 92)
4(92 96 98 94)
4(86 94 100 88)
4(88 100 102 90)
4(94 98 104 100)
4(100 104 106 102)
4(22 38 108 72)
4(72 108 110 74)
4(38 42 112 108)
4(108 112 114 110)
4(74 110 116 80)
4(80 116 118 82)
4(110 114 120 116)
4(116 120 122 118)
4(42 54 124 112)
4(112 124 126 114)
4(54 58 128 124)
4(124 128 130 126)
4(114 126 132 120)
4(120 132 134 122)
4(126 130 136 132)
4(132 136 138 134)
4(82 118 140 96)
4(96 140 142 98)
4(118 122 144 140)
4(140 144 146 142)
4(98 142 148 104)
4(104 148 150 106)
4(142 146 152 148)
4(148 152 154 150)
4(122 134 156 144)
4(144 156 158 146)
4(134 138 160 156)
4(156 160 162 158)
4(146 158 164 152)
4(152 164 166 154)
4(158 162 168 164)
4(164 168 170 166)
4(26 172 180 48)
4(48 180 182 50)
4(172 174 184 180)
4(180 184 186 182)
4(50 182 188 56)
4(56 188 190 58)
4(182 186 192 188)
4(188 192 194 190)
4(174 176 196 184)
4(184 196 198 186)
4(176 178 200 196)
4(196 200 202 198)
4(186 198 204 192)
4(192 204 206 194)
4(198 202 208 204)
4(204 208 210 206)
4(178 212 216 200)
4(200 216 218 202)
4(212 214 220 216)
4(216 220 222 218)
4(202 218 224 208)
4(208 224 226 210)
4(218 222 228 224)
4(224 228 230 226)
4(58 190 232 128)
4(128 232 234 130)
4(190 194 236 232)
4(232 236 238 234)
4(130 234 240 136)
4(136 240 242 138)
4(234 238 244 240)
4(240 244 246 242)
4(194 206 248 236)
4(236 248 250 238)
4(206 210 252 248)
4(248 252 254 250)
4(238 250 256 244)
4(244 256 258 246)
4(250 254 260 256)
4(256 260 262 258)
4(138 242 264 160)
4(160 264 266 162)
4(242 246 268 264)
4(264 268 270 266)
4(162 266 272 168)
4(168 272 274 170)
4(266 270 276 272)
4(272 276 278 274)
4(246 258 280 268)
4(268 280 282 270)
4(258 262 284 280)
4(280 284 286 282)
4(270 282 288 276)
4(276 288 290 278)
4(282 286 292 288)
4(288 292 294 290)
4(210 226 296 252)
4(252 296 298 254)
4(226 230 300 296)
4(296 300 302 298)
4(254 298 304 260)
4(260 304 306 262)
4(298 302 308 304)
4(304 308 310 306)
4(262 306 312 284)
4(284 312 314 286)
4(306 310 316 312)
4(312 316 318 314)
4(286 314 320 292)
4(292 320 322 294)
4(314 318 324 320)
4(320 324 326 322)
4(90 102 336 328)
4(328 336 338 330)
4(102 106 340 336)
4(336 340 342 338)
4(330 338 344 332)
4(332 344 346 334)
4(338 342 348 344)
4(344 348 350 346)
4(334 346 358 352)
4(352 358 360 354)
4(346 350 362 358)
4(358 362 364 360)
4(354 360 366 356)
4(360 364 368 366)
4(106 150 370 340)
4(340 370 372 342)
4(150 154 374 370)
4(370 374 376 372)
4(342 372 378 348)
4(348 378 380 350)
4(372 376 382 378)
4(378 382 384 380)
4(154 166 386 374)
4(374 386 388 376)
4(166 170 390 386)
4(386 390 392 388)
4(376 388 394 382)
4(382 394 396 384)
4(388 392 398 394)
4(394 398 400 396)
4(350 380 402 362)
4(362 402 404 364)
4(380 384 406 402)
4(402 406 408 404)
4(364 404 410 368)
4(404 408 412 410)
4(384 396 414 406)
4(406 414 416 408)
4(396 400 418 414)
4(414 418 420 416)
4(408 416 422 412)
4(416 420 424 422)
4(170 274 426 390)
4(390 426 428 392)
4(274 278 430 426)
4(426 430 432 428)
4(392 428 434 398)
4(398 434 436 400)
4(428 432 438 434)
4(434 438 440 436)
4(278 290 442 430)
4(430 442 444 432)
4(290 294 446 442)
4(442 446 448 444)
4(432 444 450 438)
4(438 450 452 440)
4(444 448 454 450)
4(450 454 456 452)
4(400 436 458 418)
4(418 458 460 420)
4(436 440 462 458)
4(458 462 464 460)
4(420 460 466 424)
4(460 464 468 466)
4(440 452 470 462)
4(462 470 472 464)
4(452 456 474 470)
4(470 474 476 472)
4(464 472 478 468)
4(472 476 480 478)
4(294 322 482 446)
4(446 482 484 448)
4(322 326 486 482)
4(482 486 488 484)
4(448 484 490 454)
4(454 490 492 456)
4(484 488 494 490)
4(490 494 496 492)
4(456 492 498 474)
4(474 498 500 476)
4(492 496 502 498)
4(498 502 504 500)
4(476 500 506 480)
4(500 504 508 506)
4(215 221 513 511)
4(221 223 515 513)
4(223 229 517 515)
4(229 231 519 517)
4(231 301 521 519)
4(301 303 523 521)
4(303 309 525 523)
4(309 311 527 525)
4(311 317 529 527)
4(317 319 531 529)
4(319 325 533 531)
4(325 327 535 533)
4(327 487 537 535)
4(487 489 539 537)
4(489 495 541 539)
4(495 497 543 541)
4(497 503 545 543)
4(503 505 547 545)
4(505 509 549 547)
4(1 3 11 9)
4(9 11 15 13)
4(3 5 17 11)
4(5 7 19 17)
4(11 17 21 15)
4(17 19 23 21)
4(13 15 31 29)
4(29 31 35 33)
4(15 21 37 31)
4(21 23 39 37)
4(31 37 41 35)
4(37 39 43 41)
4(33 35 47 45)
4(25 45 49 27)
4(45 47 51 49)
4(35 41 53 47)
4(41 43 55 53)
4(47 53 57 51)
4(53 55 59 57)
4(7 61 69 19)
4(61 63 71 69)
4(19 69 73 23)
4(69 71 75 73)
4(63 65 77 71)
4(65 67 79 77)
4(71 77 81 75)
4(77 79 83 81)
4(67 85 93 79)
4(85 87 95 93)
4(79 93 97 83)
4(93 95 99 97)
4(87 89 101 95)
4(89 91 103 101)
4(95 101 105 99)
4(101 103 107 105)
4(23 73 109 39)
4(73 75 111 109)
4(39 109 113 43)
4(109 111 115 113)
4(75 81 117 111)
4(81 83 119 117)
4(111 117 121 115)
4(117 119 123 121)
4(43 113 125 55)
4(113 115 127 125)
4(55 125 129 59)
4(125 127 131 129)
4(115 121 133 127)
4(121 123 135 133)
4(127 133 137 131)
4(133 135 139 137)
4(83 97 141 119)
4(97 99 143 141)
4(119 141 145 123)
4(141 143 147 145)
4(99 105 149 143)
4(105 107 151 149)
4(143 149 153 147)
4(149 151 155 153)
4(123 145 157 135)
4(145 147 159 157)
4(135 157 161 139)
4(157 159 163 161)
4(147 153 165 159)
4(153 155 167 165)
4(159 165 169 163)
4(165 167 171 169)
4(27 49 181 173)
4(49 51 183 181)
4(173 181 185 175)
4(181 183 187 185)
4(51 57 189 183)
4(57 59 191 189)
4(183 189 193 187)
4(189 191 195 193)
4(175 185 197 177)
4(185 187 199 197)
4(177 197 201 179)
4(197 199 203 201)
4(187 193 205 199)
4(193 195 207 205)
4(199 205 209 203)
4(205 207 211 209)
4(179 201 217 213)
4(201 203 219 217)
4(213 217 221 215)
4(217 219 223 221)
4(203 209 225 219)
4(209 211 227 225)
4(219 225 229 223)
4(225 227 231 229)
4(59 129 233 191)
4(129 131 235 233)
4(191 233 237 195)
4(233 235 239 237)
4(131 137 241 235)
4(137 139 243 241)
4(235 241 245 239)
4(241 243 247 245)
4(195 237 249 207)
4(237 239 251 249)
4(207 249 253 211)
4(249 251 255 253)
4(239 245 257 251)
4(245 247 259 257)
4(251 257 261 255)
4(257 259 263 261)
4(139 161 265 243)
4(161 163 267 265)
4(243 265 269 247)
4(265 267 271 269)
4(163 169 273 267)
4(169 171 275 273)
4(267 273 277 271)
4(273 275 279 277)
4(247 269 281 259)
4(269 271 283 281)
4(259 281 285 263)
4(281 283 287 285)
4(271 277 289 283)
4(277 279 291 289)
4(283 289 293 287)
4(289 291 295 293)
4(211 253 297 227)
4(253 255 299 297)
4(227 297 301 231)
4(297 299 303 301)
4(255 261 305 299)
4(261 263 307 305)
4(299 305 309 303)
4(305 307 311 309)
4(263 285 313 307)
4(285 287 315 313)
4(307 313 317 311)
4(313 315 319 317)
4(287 293 321 315)
4(293 295 323 321)
4(315 321 325 319)
4(321 323 327 325)
4(91 329 337 103)
4(329 331 339 337)
4(103 337 341 107)
4(337 339 343 341)
4(331 333 345 339)
4(333 335 347 345)
4(339 345 349 343)
4(345 347 351 349)
4(335 353 359 347)
4(353 355 361 359)
4(347 359 363 351)
4(359 361 365 363)
4(355 357 367 361)
4(361 367 369 365)
4(107 341 371 151)
4(341 343 373 371)
4(151 371 375 155)
4(371 373 377 375)
4(343 349 379 373)
4(349 351 381 379)
4(373 379 383 377)
4(379 381 385 383)
4(155 375 387 167)
4(375 377 389 387)
4(167 387 391 171)
4(387 389 393 391)
4(377 383 395 389)
4(383 385 397 395)
4(389 395 399 393)
4(395 397 401 399)
4(351 363 403 381)
4(363 365 405 403)
4(381 403 407 385)
4(403 405 409 407)
4(365 369 411 405)
4(405 411 413 409)
4(385 407 415 397)
4(407 409 417 415)
4(397 415 419 401)
4(415 417 421 419)
4(409 413 423 417)
4(417 423 425 421)
4(171 391 427 275)
4(391 393 429 427)
4(275 427 431 279)
4(427 429 433 431)
4(393 399 435 429)
4(399 401 437 435)
4(429 435 439 433)
4(435 437 441 439)
4(279 431 443 291)
4(431 433 445 443)
4(291 443 447 295)
4(443 445 449 447)
4(433 439 451 445)
4(439 441 453 451)
4(445 451 455 449)
4(451 453 457 455)
4(401 419 459 437)
4(419 421 461 459)
4(437 459 463 441)
4(459 461 465 463)
4(421 425 467 461)
4(461 467 469 465)
4(441 463 471 453)
4(463 465 473 471)
4(453 471 475 457)
4(471 473 477 475)
4(465 469 479 473)
4(473 479 481 477)
4(295 447 483 323)
4(447 449 485 483)
4(323 483 487 327)
4(483 485 489 487)
4(449 455 491 485)
4(455 457 493 491)
4(485 491 495 489)
4(491 493 497 495)
4(457 475 499 493)
4(475 477 501 499)
4(493 499 503 497)
4(499 501 505 503)
4(477 481 507 501)
4(501 507 509 505)
4(354 356 357 355)
4(352 354 355 353)
4(334 352 353 335)
4(332 334 335 333)
4(330 332 333 331)
4(328 330 331 329)
4(90 328 329 91)
4(88 90 91 89)
4(86 88 89 87)
4(84 86 87 85)
4(66 84 85 67)
4(64 66 67 65)
4(62 64 65 63)
4(60 62 63 61)
4(6 60 61 7)
4(4 6 7 5)
4(2 4 5 3)
4(0 2 3 1)
4(215 511 510 214)
4(212 213 215 214)
4(178 179 213 212)
4(176 177 179 178)
4(174 175 177 176)
4(172 173 175 174)
4(26 27 173 172)
4(24 25 27 26)
4(24 44 45 25)
4(32 33 45 44)
4(28 29 33 32)
4(12 13 29 28)
4(8 9 13 12)
4(0 1 9 8)
4(509 508 548 549)
4(506 508 509 507)
4(424 466 467 425)
4(466 468 469 467)
4(468 478 479 469)
4(478 480 481 479)
4(480 506 507 481)
4(422 424 425 423)
4(356 366 367 357)
4(366 368 369 367)
4(368 410 411 369)
4(410 412 413 411)
4(412 422 423 413)
)


// ************************************************************************* //
