/*--------------------------------*- C++ -*----------------------------------*\
| =========                 |                                                 |
| \\      /  F ield         | OpenFOAM: The Open Source CFD Toolbox           |
|  \\    /   O peration     | Version:  2306                                  |
|   \\  /    A nd           | Website:  www.openfoam.com                      |
|    \\/     M anipulation  |                                                 |
\*---------------------------------------------------------------------------*/
FoamFile
{
    version     2.0;
    format      ascii;
    arch        "LSB;label=32;scalar=64";
    class       labelList;
    location    "constant/polyMesh";
    object      faceProcAddressing;
}
// * * * * * * * * * * * * * * * * * * * * * * * * * * * * * * * * * * * * * //


1000
(
96
97
98
99
100
101
102
103
104
105
106
107
108
109
110
111
112
113
114
115
116
117
118
119
120
121
122
123
124
125
126
127
128
129
130
131
133
743
744
745
746
747
748
749
750
751
752
753
754
755
756
757
758
759
760
761
762
763
764
765
766
767
768
769
770
771
772
773
774
775
776
777
778
780
2045
2046
2047
2048
2049
2050
2051
2052
2053
2054
2055
2056
2057
2058
2059
2060
2061
2062
2063
2064
2065
2066
2067
2068
2069
2070
2071
2072
2073
2074
2075
2076
2077
2078
2079
2080
2081
2082
2083
2084
2085
2086
2087
2088
2089
2090
2091
2092
2093
2094
2095
2096
2097
2098
2099
2100
2101
2102
2103
2104
2105
2106
2107
2108
2109
2110
2111
2112
2113
2114
2115
2116
2117
2118
2119
2120
2121
2122
2123
2124
2125
2126
2127
2129
2257
2258
2259
2260
2261
2262
2263
2264
2265
2266
2267
2268
2269
2270
2271
2272
2273
2274
2275
2276
2277
2278
2279
2280
2281
2282
2283
2284
2285
2286
2287
2288
2289
2290
2291
2292
2293
2294
2295
2296
2297
2298
2299
2300
2301
2302
2303
2304
2305
2306
2307
2308
2309
2310
2311
2312
2313
2315
2318
2336
2337
2339
2342
2360
2361
2362
2363
2364
2365
2366
2367
2368
2369
2370
2371
2372
2373
2374
2375
2376
2377
2378
2379
2380
2381
2382
2383
2384
2385
2386
2387
2388
2389
2390
2391
2392
2393
2394
2395
2396
2397
2398
2399
2400
2401
2402
2403
2404
2405
2406
2407
2408
2409
2410
2411
2412
2413
2414
2415
2416
2417
2418
2419
2420
2421
2422
2423
2424
2425
2426
2427
2428
2429
2430
2431
2432
2433
2434
2435
2436
2437
2438
2439
2440
2441
2442
2443
2444
2445
2446
2447
2448
2449
2450
2451
2452
2453
2454
2455
2456
2457
2458
2459
2460
2461
2462
2463
2464
2466
2484
2485
2486
2487
2488
2489
2490
2491
2492
2493
2495
2496
2498
2499
2500
2501
2502
2503
2504
2506
2540
2542
2543
2544
2545
2546
2547
2548
2549
2550
2551
2552
2553
2554
2555
2556
2557
2558
2559
2560
2561
2562
2563
2564
2565
2566
2567
2568
2569
2570
2571
2572
2573
2574
2575
2576
2577
2578
2579
2580
2581
2582
2583
2584
2585
2586
2587
2588
2589
2590
2591
2592
2593
2594
2595
2596
2597
2598
2599
2600
2601
2602
2603
2604
2605
2606
2607
2608
2609
2610
2611
2612
2613
2614
2615
2616
2617
2619
2622
2640
2641
2643
2646
2664
2665
2666
2667
2668
2669
2670
2671
2672
2673
2674
2676
2682
2683
2684
2685
2686
2688
2726
2727
2728
2729
4172
4173
4174
4175
4176
4177
4178
4179
4180
4181
4182
4183
4184
4185
4186
4187
4188
4189
4190
4489
4490
4491
4492
4493
4494
4495
4496
4497
4498
4499
4500
4501
4502
4503
4504
4505
4506
4507
4887
4891
4893
4894
4896
4898
4932
4936
4938
4940
4942
4944
4947
4949
4951
4953
4955
4957
4959
4977
4979
4981
4983
4985
4987
4989
4991
5009
5011
5013
5015
5017
5019
5021
5023
5025
5027
5029
5031
5033
5035
5037
5039
5041
5043
5045
5047
5049
5051
5053
5055
5057
5059
5061
5063
5065
5067
5069
5071
5073
5075
5077
5079
5081
5083
5085
5087
5117
5119
5121
5123
5125
5127
5129
5131
5133
5135
5137
5139
5141
5143
5145
5147
5163
5165
5167
5168
5170
5172
5174
5175
5177
5179
5181
5183
5185
5187
5189
5190
5192
5194
5196
5197
5199
5201
5202
5204
5206
5207
5209
5211
5213
5215
5217
5219
5221
5223
5225
5227
5229
5231
5233
5235
5237
5239
5240
5242
5244
5246
5247
5249
5251
5253
5254
5256
5258
5260
5261
5263
5281
5283
5285
5287
5289
5291
5293
5295
5313
5315
5317
5319
5321
5325
5329
5331
5333
5335
5337
5339
5341
5343
5345
5347
5349
5351
5353
5355
5357
5359
5361
5363
5365
5367
5369
5373
5377
5379
5381
5383
5385
5389
5521
5523
5525
5527
5529
5531
5533
5535
5536
5538
5540
5541
5543
5545
5547
5549
5550
5552
5554
5556
5558
5562
5566
5568
5570
5572
5573
5577
5580
5581
5583
5584
5586
5588
5590
5591
5593
5595
5597
5598
5600
5603
6617
6618
6619
6620
6621
6622
6623
6624
6625
6626
6627
6628
6629
6630
6631
6632
6633
6634
6635
7016
7019
7021
7023
7025
7027
7061
7065
7067
7069
7070
7072
7076
7078
7080
7082
7084
7086
7088
7106
7108
7110
7112
7114
7116
7118
7120
7138
7140
7142
7144
7146
7148
7150
7152
7154
7156
7158
7160
7162
7164
7166
7168
7170
7172
7174
7176
7178
7180
7182
7184
7186
7188
7190
7192
7194
7196
7198
7200
7202
7204
7206
7208
7210
7212
7214
7215
7246
7248
7250
7252
7254
7256
7258
7260
7262
7264
7266
7268
7270
7272
7274
7276
7292
7294
7295
7297
7299
7301
7302
7304
7306
7308
7310
7312
7314
7316
7318
7319
7321
7323
7324
7326
7328
7329
7331
7333
7334
7336
7338
7339
7341
7343
7345
7347
7349
7351
7353
7355
7357
7359
7361
7363
7365
7367
7369
7370
7372
7374
7376
7377
7379
7381
7383
7384
7386
7388
7390
7391
7409
7411
7413
7415
7417
7419
7421
7423
7441
7443
7445
7447
7449
7453
7457
7459
7461
7463
7465
7467
7469
7471
7473
7475
7477
7479
7481
7483
7485
7487
7489
7491
7493
7495
7497
7501
7505
7507
7509
7511
7513
7517
7649
7651
7653
7655
7657
7659
7661
7663
7665
7666
7668
7670
7672
7674
7676
7677
7679
7680
7682
7684
7686
7690
7694
7696
7698
7700
7702
7705
7709
7710
7711
7713
7715
7717
7718
7720
7722
7724
7725
7727
7729
7732
2314
2316
2317
-2334
2338
2340
2341
-2358
2618
2620
2621
-2638
2642
2644
2645
-2662
2730
2732
-94
-741
2465
-2482
2494
2497
2505
-2538
2541
2675
-2679
2687
-2724
2731
132
779
-2036
-2039
-2041
-2043
-2044
2128
-2249
-2251
-2253
-2255
-2256
)


// ************************************************************************* //
