/*--------------------------------*- C++ -*----------------------------------*\
| =========                 |                                                 |
| \\      /  F ield         | OpenFOAM: The Open Source CFD Toolbox           |
|  \\    /   O peration     | Version:  2306                                  |
|   \\  /    A nd           | Website:  www.openfoam.com                      |
|    \\/     M anipulation  |                                                 |
\*---------------------------------------------------------------------------*/
FoamFile
{
    version     2.0;
    format      ascii;
    arch        "LSB;label=32;scalar=64";
    note        "nPoints:550  nCells:242  nFaces:1000  nInternalFaces:452";
    class       labelList;
    location    "constant/polyMesh";
    object      neighbour;
}
// * * * * * * * * * * * * * * * * * * * * * * * * * * * * * * * * * * * * * //


452
(
1
19
2
20
3
21
4
22
5
23
6
24
7
25
8
26
9
27
10
28
11
29
12
30
13
31
14
32
15
33
16
34
17
35
18
36
37
20
168
21
167
22
166
23
165
24
132
25
131
26
130
27
129
28
128
29
127
30
126
31
125
32
44
33
43
34
42
35
41
36
40
37
39
38
39
51
40
50
41
49
42
48
43
47
44
46
45
125
46
66
124
47
65
48
64
49
63
50
54
51
53
52
53
57
54
56
55
63
56
60
62
57
59
58
59
79
60
78
61
77
62
70
76
63
69
64
65
69
66
68
67
123
68
72
122
69
71
70
71
75
72
74
73
121
74
94
120
75
93
76
92
77
91
78
82
79
81
80
81
85
82
84
83
91
84
88
90
85
87
86
87
107
88
106
89
105
90
98
104
91
97
92
93
97
94
96
95
119
96
100
118
97
99
98
99
103
100
102
101
117
102
114
116
103
113
104
112
105
111
106
110
107
109
108
109
110
111
112
113
114
115
116
220
117
219
118
198
119
197
120
192
121
191
122
146
123
145
124
140
125
139
126
127
139
128
138
129
137
130
136
131
135
132
134
133
165
134
154
164
135
153
136
152
137
151
138
142
139
141
140
141
145
142
144
143
151
144
148
150
145
147
146
147
191
148
190
149
189
150
158
188
151
157
152
153
157
154
156
155
163
156
160
162
157
159
158
159
187
160
186
161
185
162
178
184
163
177
164
172
165
171
166
167
171
168
170
169
170
174
171
173
172
173
177
174
176
175
176
180
177
179
178
179
183
180
182
181
182
183
233
184
232
185
231
186
206
187
205
188
204
189
203
190
194
191
193
192
193
197
194
196
195
203
196
200
202
197
199
198
199
219
200
218
201
217
202
210
216
203
209
204
205
209
206
208
207
231
208
212
230
209
211
210
211
215
212
214
213
229
214
226
228
215
225
216
224
217
223
218
222
219
221
220
221
222
223
224
225
226
227
228
240
229
239
230
236
231
235
232
233
235
234
235
237
236
237
239
238
239
241
240
241
)


// ************************************************************************* //
