/*--------------------------------*- C++ -*----------------------------------*\
| =========                 |                                                 |
| \\      /  F ield         | OpenFOAM: The Open Source CFD Toolbox           |
|  \\    /   O peration     | Version:  2306                                  |
|   \\  /    A nd           | Website:  www.openfoam.com                      |
|    \\/     M anipulation  |                                                 |
\*---------------------------------------------------------------------------*/
FoamFile
{
    version     2.0;
    format      ascii;
    arch        "LSB;label=32;scalar=64";
    note        "nPoints:550  nCells:242  nFaces:1000  nInternalFaces:452";
    class       labelList;
    location    "constant/polyMesh";
    object      owner;
}
// * * * * * * * * * * * * * * * * * * * * * * * * * * * * * * * * * * * * * //


1000
(
0
0
1
1
2
2
3
3
4
4
5
5
6
6
7
7
8
8
9
9
10
10
11
11
12
12
13
13
14
14
15
15
16
16
17
17
18
19
19
20
20
21
21
22
22
23
23
24
24
25
25
26
26
27
27
28
28
29
29
30
30
31
31
32
32
33
33
34
34
35
35
36
36
37
38
38
39
39
40
40
41
41
42
42
43
43
44
44
45
45
45
46
46
47
47
48
48
49
49
50
50
51
52
52
53
53
54
54
55
55
55
56
56
57
58
58
59
59
60
60
61
61
61
62
62
63
64
64
65
65
66
66
67
67
67
68
68
69
70
70
71
71
72
72
73
73
73
74
74
75
75
76
76
77
77
78
78
79
80
80
81
81
82
82
83
83
83
84
84
85
86
86
87
87
88
88
89
89
89
90
90
91
92
92
93
93
94
94
95
95
95
96
96
97
98
98
99
99
100
100
101
101
101
102
102
103
103
104
104
105
105
106
106
107
108
109
110
111
112
113
114
115
115
116
116
117
117
118
118
119
119
120
120
121
121
122
122
123
123
124
124
125
126
126
127
127
128
128
129
129
130
130
131
131
132
132
133
133
133
134
134
135
135
136
136
137
137
138
138
139
140
140
141
141
142
142
143
143
143
144
144
145
146
146
147
147
148
148
149
149
149
150
150
151
152
152
153
153
154
154
155
155
155
156
156
157
158
158
159
159
160
160
161
161
161
162
162
163
163
164
164
165
166
166
167
167
168
169
169
170
170
171
172
172
173
173
174
175
175
176
176
177
178
178
179
179
180
181
182
182
183
183
184
184
185
185
186
186
187
187
188
188
189
189
190
190
191
192
192
193
193
194
194
195
195
195
196
196
197
198
198
199
199
200
200
201
201
201
202
202
203
204
204
205
205
206
206
207
207
207
208
208
209
210
210
211
211
212
212
213
213
213
214
214
215
215
216
216
217
217
218
218
219
220
221
222
223
224
225
226
227
227
228
228
229
229
230
230
231
232
232
233
234
234
235
236
236
237
238
238
239
240
0
1
2
3
4
5
6
7
8
9
10
11
12
13
14
15
16
17
18
0
1
2
3
4
5
6
7
8
9
10
11
12
13
14
15
16
17
18
241
238
240
227
239
228
237
234
236
229
235
230
233
181
182
232
231
183
184
226
225
213
214
224
223
215
216
222
221
217
218
220
115
219
116
212
211
207
208
210
201
209
202
206
205
185
186
204
203
187
188
200
199
195
196
198
117
197
118
194
193
189
190
192
119
191
120
180
179
175
176
178
161
177
162
174
173
169
170
172
163
171
164
168
167
19
20
166
165
21
22
160
159
155
156
158
149
157
150
154
153
133
134
152
151
135
136
148
147
143
144
146
121
145
122
142
141
137
138
140
123
139
124
132
131
23
24
130
129
25
26
128
127
27
28
126
125
29
30
114
113
101
102
112
111
103
104
110
109
105
106
108
107
100
99
95
96
98
89
97
90
94
93
73
74
92
91
75
76
88
87
83
84
86
85
82
81
77
78
80
79
72
71
67
68
70
61
69
62
66
65
45
46
64
63
47
48
60
59
55
56
58
57
54
53
49
50
52
51
44
43
31
32
42
41
33
34
40
39
35
36
38
37
0
1
2
3
4
5
6
7
8
9
10
11
12
13
14
15
16
17
18
241
238
240
227
239
228
237
234
236
229
235
230
233
181
182
232
231
183
184
226
225
213
214
224
223
215
216
222
221
217
218
220
115
219
116
212
211
207
208
210
201
209
202
206
205
185
186
204
203
187
188
200
199
195
196
198
117
197
118
194
193
189
190
192
119
191
120
180
179
175
176
178
161
177
162
174
173
169
170
172
163
171
164
168
167
19
20
166
165
21
22
160
159
155
156
158
149
157
150
154
153
133
134
152
151
135
136
148
147
143
144
146
121
145
122
142
141
137
138
140
123
139
124
132
131
23
24
130
129
25
26
128
127
27
28
126
125
29
30
114
113
101
102
112
111
103
104
110
109
105
106
108
107
100
99
95
96
98
89
97
90
94
93
73
74
92
91
75
76
88
87
83
84
86
85
82
81
77
78
80
79
72
71
67
68
70
61
69
62
66
65
45
46
64
63
47
48
60
59
55
56
58
57
54
53
49
50
52
51
44
43
31
32
42
41
33
34
40
39
35
36
38
37
108
109
110
111
112
113
114
115
220
221
222
223
224
225
226
227
240
241
0
19
168
169
174
175
180
181
181
233
234
237
238
241
18
37
58
57
52
51
38
79
108
107
86
85
80
)


// ************************************************************************* //
