/*--------------------------------*- C++ -*----------------------------------*\
| =========                 |                                                 |
| \\      /  F ield         | OpenFOAM: The Open Source CFD Toolbox           |
|  \\    /   O peration     | Version:  2306                                  |
|   \\  /    A nd           | Website:  www.openfoam.com                      |
|    \\/     M anipulation  |                                                 |
\*---------------------------------------------------------------------------*/
FoamFile
{
    version     2.0;
    format      ascii;
    arch        "LSB;label=32;scalar=64";
    class       vectorField;
    location    "constant/polyMesh";
    object      points;
}
// * * * * * * * * * * * * * * * * * * * * * * * * * * * * * * * * * * * * * //


550
(
(0.018 0.017 -0.01)
(0.018 0.017 0)
(0.019 0.017 -0.01)
(0.019 0.017 0)
(0.02 0.017 -0.01)
(0.02 0.017 0)
(0.021 0.017 -0.01)
(0.021 0.017 0)
(0.018 0.018 -0.01)
(0.018 0.018 0)
(0.019 0.018 -0.01)
(0.019 0.018 0)
(0.018 0.019 -0.01)
(0.018 0.019 0)
(0.019 0.019 -0.01)
(0.019 0.019 0)
(0.02 0.018 -0.01)
(0.02 0.018 0)
(0.021 0.018 -0.01)
(0.021 0.018 0)
(0.02 0.019 -0.01)
(0.02 0.019 0)
(0.021 0.019 -0.01)
(0.021 0.019 0)
(0.017 0.0220009 -0.01)
(0.017 0.0220009 0)
(0.017 0.0230046 -0.01)
(0.017 0.0230046 0)
(0.018 0.02 -0.01)
(0.018 0.02 0)
(0.019 0.02 -0.01)
(0.019 0.02 0)
(0.018 0.0210001 -0.01)
(0.018 0.0210001 0)
(0.019 0.0210001 -0.01)
(0.019 0.0210001 0)
(0.02 0.02 -0.01)
(0.02 0.02 0)
(0.021 0.02 -0.01)
(0.021 0.02 0)
(0.02 0.0210001 -0.01)
(0.02 0.0210001 0)
(0.021 0.0210001 -0.01)
(0.021 0.0210001 0)
(0.018 0.0220009 -0.01)
(0.018 0.0220009 0)
(0.019 0.0220009 -0.01)
(0.019 0.0220009 0)
(0.018 0.0230046 -0.01)
(0.018 0.0230046 0)
(0.019 0.0230046 -0.01)
(0.019 0.0230046 0)
(0.02 0.0220009 -0.01)
(0.02 0.0220009 0)
(0.021 0.0220009 -0.01)
(0.021 0.0220009 0)
(0.02 0.0230046 -0.01)
(0.02 0.0230046 0)
(0.021 0.0230046 -0.01)
(0.021 0.0230046 0)
(0.022 0.017 -0.01)
(0.022 0.017 0)
(0.023 0.017 -0.01)
(0.023 0.017 0)
(0.024 0.017 -0.01)
(0.024 0.017 0)
(0.025 0.017 -0.01)
(0.025 0.017 0)
(0.022 0.018 -0.01)
(0.022 0.018 0)
(0.023 0.018 -0.01)
(0.023 0.018 0)
(0.022 0.019 -0.01)
(0.022 0.019 0)
(0.023 0.019 -0.01)
(0.023 0.019 0)
(0.024 0.018 -0.01)
(0.024 0.018 0)
(0.025 0.018 -0.01)
(0.025 0.018 0)
(0.024 0.019 -0.01)
(0.024 0.019 0)
(0.025 0.019 -0.01)
(0.025 0.019 0)
(0.026 0.017 -0.01)
(0.026 0.017 0)
(0.027 0.017 -0.01)
(0.027 0.017 0)
(0.028 0.017 -0.01)
(0.028 0.017 0)
(0.029 0.017 -0.01)
(0.029 0.017 0)
(0.026 0.018 -0.01)
(0.026 0.018 0)
(0.027 0.018 -0.01)
(0.027 0.018 0)
(0.026 0.019 -0.01)
(0.026 0.019 0)
(0.027 0.019 -0.01)
(0.027 0.019 0)
(0.028 0.018 -0.01)
(0.028 0.018 0)
(0.029 0.018 -0.01)
(0.029 0.018 0)
(0.028 0.019 -0.01)
(0.028 0.019 0)
(0.029 0.019 -0.01)
(0.029 0.019 0)
(0.022 0.02 -0.01)
(0.022 0.02 0)
(0.023 0.02 -0.01)
(0.023 0.02 0)
(0.022 0.0210001 -0.01)
(0.022 0.0210001 0)
(0.023 0.0210001 -0.01)
(0.023 0.0210001 0)
(0.024 0.02 -0.01)
(0.024 0.02 0)
(0.025 0.02 -0.01)
(0.025 0.02 0)
(0.024 0.0210001 -0.01)
(0.024 0.0210001 0)
(0.025 0.0210001 -0.01)
(0.025 0.0210001 0)
(0.022 0.0220009 -0.01)
(0.022 0.0220009 0)
(0.023 0.0220009 -0.01)
(0.023 0.0220009 0)
(0.022 0.0230046 -0.01)
(0.022 0.0230046 0)
(0.023 0.0230046 -0.01)
(0.023 0.0230046 0)
(0.024 0.0220009 -0.01)
(0.024 0.0220009 0)
(0.025 0.0220009 -0.01)
(0.025 0.0220009 0)
(0.024 0.0230046 -0.01)
(0.024 0.0230046 0)
(0.025 0.0230046 -0.01)
(0.025 0.0230046 0)
(0.026 0.02 -0.01)
(0.026 0.02 0)
(0.027 0.02 -0.01)
(0.027 0.02 0)
(0.026 0.0210001 -0.01)
(0.026 0.0210001 0)
(0.027 0.0210001 -0.01)
(0.027 0.0210001 0)
(0.028 0.02 -0.01)
(0.028 0.02 0)
(0.029 0.02 -0.01)
(0.029 0.02 0)
(0.028 0.0210001 -0.01)
(0.028 0.0210001 0)
(0.029 0.0210001 -0.01)
(0.029 0.0210001 0)
(0.026 0.0220009 -0.01)
(0.026 0.0220009 0)
(0.027 0.0220009 -0.01)
(0.027 0.0220009 0)
(0.026 0.0230046 -0.01)
(0.026 0.0230046 0)
(0.027 0.0230046 -0.01)
(0.027 0.0230046 0)
(0.028 0.0220009 -0.01)
(0.028 0.0220009 0)
(0.029 0.0220009 -0.01)
(0.029 0.0220009 0)
(0.028 0.0230046 -0.01)
(0.028 0.0230046 0)
(0.029 0.0230046 -0.01)
(0.029 0.0230046 0)
(0.017 0.0240172 -0.01)
(0.017 0.0240172 0)
(0.017 0.0250489 -0.01)
(0.017 0.0250489 0)
(0.017 0.0261051 -0.01)
(0.017 0.0261051 0)
(0.017 0.027165 -0.01)
(0.017 0.027165 0)
(0.018 0.0240172 -0.01)
(0.018 0.0240172 0)
(0.019 0.0240172 -0.01)
(0.019 0.0240172 0)
(0.018 0.0250489 -0.01)
(0.018 0.0250489 0)
(0.019 0.0250489 -0.01)
(0.019 0.0250489 0)
(0.02 0.0240172 -0.01)
(0.02 0.0240172 0)
(0.021 0.0240172 -0.01)
(0.021 0.0240172 0)
(0.02 0.0250489 -0.01)
(0.02 0.0250489 0)
(0.021 0.0250489 -0.01)
(0.021 0.0250489 0)
(0.018 0.0261051 -0.01)
(0.018 0.0261051 0)
(0.019 0.0261051 -0.01)
(0.019 0.0261051 0)
(0.018 0.027165 -0.01)
(0.018 0.027165 0)
(0.019 0.027165 -0.01)
(0.019 0.027165 0)
(0.02 0.0261051 -0.01)
(0.02 0.0261051 0)
(0.021 0.0261051 -0.01)
(0.021 0.0261051 0)
(0.02 0.027165 -0.01)
(0.02 0.027165 0)
(0.021 0.027165 -0.01)
(0.021 0.027165 0)
(0.017 0.0281789 -0.01)
(0.017 0.0281789 0)
(0.017 0.0291166 -0.01)
(0.017 0.0291166 0)
(0.018 0.0281789 -0.01)
(0.018 0.0281789 0)
(0.019 0.0281789 -0.01)
(0.019 0.0281789 0)
(0.018 0.0291166 -0.01)
(0.018 0.0291166 0)
(0.019 0.0291166 -0.01)
(0.019 0.0291166 0)
(0.02 0.0281789 -0.01)
(0.02 0.0281789 0)
(0.021 0.0281789 -0.01)
(0.021 0.0281789 0)
(0.02 0.0291166 -0.01)
(0.02 0.0291166 0)
(0.021 0.0291166 -0.01)
(0.021 0.0291166 0)
(0.022 0.0240172 -0.01)
(0.022 0.0240172 0)
(0.023 0.0240172 -0.01)
(0.023 0.0240172 0)
(0.022 0.0250489 -0.01)
(0.022 0.0250489 0)
(0.023 0.0250489 -0.01)
(0.023 0.0250489 0)
(0.024 0.0240172 -0.01)
(0.024 0.0240172 0)
(0.025 0.0240172 -0.01)
(0.025 0.0240172 0)
(0.024 0.0250489 -0.01)
(0.024 0.0250489 0)
(0.025 0.0250489 -0.01)
(0.025 0.0250489 0)
(0.022 0.0261051 -0.01)
(0.022 0.0261051 0)
(0.023 0.0261051 -0.01)
(0.023 0.0261051 0)
(0.022 0.027165 -0.01)
(0.022 0.027165 0)
(0.023 0.027165 -0.01)
(0.023 0.027165 0)
(0.024 0.0261051 -0.01)
(0.024 0.0261051 0)
(0.025 0.0261051 -0.01)
(0.025 0.0261051 0)
(0.024 0.027165 -0.01)
(0.024 0.027165 0)
(0.025 0.027165 -0.01)
(0.025 0.027165 0)
(0.026 0.0240172 -0.01)
(0.026 0.0240172 0)
(0.027 0.0240172 -0.01)
(0.027 0.0240172 0)
(0.026 0.0250489 -0.01)
(0.026 0.0250489 0)
(0.027 0.0250489 -0.01)
(0.027 0.0250489 0)
(0.028 0.0240172 -0.01)
(0.028 0.0240172 0)
(0.029 0.0240172 -0.01)
(0.029 0.0240172 0)
(0.028 0.0250489 -0.01)
(0.028 0.0250489 0)
(0.029 0.0250489 -0.01)
(0.029 0.0250489 0)
(0.026 0.0261051 -0.01)
(0.026 0.0261051 0)
(0.027 0.0261051 -0.01)
(0.027 0.0261051 0)
(0.026 0.027165 -0.01)
(0.026 0.027165 0)
(0.027 0.027165 -0.01)
(0.027 0.027165 0)
(0.028 0.0261051 -0.01)
(0.028 0.0261051 0)
(0.029 0.0261051 -0.01)
(0.029 0.0261051 0)
(0.028 0.027165 -0.01)
(0.028 0.027165 0)
(0.029 0.027165 -0.01)
(0.029 0.027165 0)
(0.022 0.0281789 -0.01)
(0.022 0.0281789 0)
(0.023 0.0281789 -0.01)
(0.023 0.0281789 0)
(0.022 0.0291166 -0.01)
(0.022 0.0291166 0)
(0.023 0.0291166 -0.01)
(0.023 0.0291166 0)
(0.024 0.0281789 -0.01)
(0.024 0.0281789 0)
(0.025 0.0281789 -0.01)
(0.025 0.0281789 0)
(0.024 0.0291166 -0.01)
(0.024 0.0291166 0)
(0.025 0.0291166 -0.01)
(0.025 0.0291166 0)
(0.026 0.0281789 -0.01)
(0.026 0.0281789 0)
(0.027 0.0281789 -0.01)
(0.027 0.0281789 0)
(0.026 0.0291166 -0.01)
(0.026 0.0291166 0)
(0.027 0.0291166 -0.01)
(0.027 0.0291166 0)
(0.028 0.0281789 -0.01)
(0.028 0.0281789 0)
(0.029 0.0281789 -0.01)
(0.029 0.0281789 0)
(0.028 0.0291166 -0.01)
(0.028 0.0291166 0)
(0.029 0.0291166 -0.01)
(0.029 0.0291166 0)
(0.03 0.017 -0.01)
(0.03 0.017 0)
(0.031 0.017 -0.01)
(0.031 0.017 0)
(0.032 0.017 -0.01)
(0.032 0.017 0)
(0.033 0.017 -0.01)
(0.033 0.017 0)
(0.03 0.018 -0.01)
(0.03 0.018 0)
(0.031 0.018 -0.01)
(0.031 0.018 0)
(0.03 0.019 -0.01)
(0.03 0.019 0)
(0.031 0.019 -0.01)
(0.031 0.019 0)
(0.032 0.018 -0.01)
(0.032 0.018 0)
(0.033 0.018 -0.01)
(0.033 0.018 0)
(0.032 0.019 -0.01)
(0.032 0.019 0)
(0.033 0.019 -0.01)
(0.033 0.019 0)
(0.034 0.017 -0.01)
(0.034 0.017 0)
(0.035 0.017 -0.01)
(0.035 0.017 0)
(0.036 0.017 -0.01)
(0.036 0.017 0)
(0.034 0.018 -0.01)
(0.034 0.018 0)
(0.035 0.018 -0.01)
(0.035 0.018 0)
(0.034 0.019 -0.01)
(0.034 0.019 0)
(0.035 0.019 -0.01)
(0.035 0.019 0)
(0.036 0.018 -0.01)
(0.036 0.018 0)
(0.036 0.019 -0.01)
(0.036 0.019 0)
(0.03 0.02 -0.01)
(0.03 0.02 0)
(0.031 0.02 -0.01)
(0.031 0.02 0)
(0.03 0.0210001 -0.01)
(0.03 0.0210001 0)
(0.031 0.0210001 -0.01)
(0.031 0.0210001 0)
(0.032 0.02 -0.01)
(0.032 0.02 0)
(0.033 0.02 -0.01)
(0.033 0.02 0)
(0.032 0.0210001 -0.01)
(0.032 0.0210001 0)
(0.033 0.0210001 -0.01)
(0.033 0.0210001 0)
(0.03 0.0220009 -0.01)
(0.03 0.0220009 0)
(0.031 0.0220009 -0.01)
(0.031 0.0220009 0)
(0.03 0.0230046 -0.01)
(0.03 0.0230046 0)
(0.031 0.0230046 -0.01)
(0.031 0.0230046 0)
(0.032 0.0220009 -0.01)
(0.032 0.0220009 0)
(0.033 0.0220009 -0.01)
(0.033 0.0220009 0)
(0.032 0.0230046 -0.01)
(0.032 0.0230046 0)
(0.033 0.0230046 -0.01)
(0.033 0.0230046 0)
(0.034 0.02 -0.01)
(0.034 0.02 0)
(0.035 0.02 -0.01)
(0.035 0.02 0)
(0.034 0.0210001 -0.01)
(0.034 0.0210001 0)
(0.035 0.0210001 -0.01)
(0.035 0.0210001 0)
(0.036 0.02 -0.01)
(0.036 0.02 0)
(0.036 0.0210001 -0.01)
(0.036 0.0210001 0)
(0.034 0.0220009 -0.01)
(0.034 0.0220009 0)
(0.035 0.0220009 -0.01)
(0.035 0.0220009 0)
(0.034 0.0230046 -0.01)
(0.034 0.0230046 0)
(0.035 0.0230046 -0.01)
(0.035 0.0230046 0)
(0.036 0.0220009 -0.01)
(0.036 0.0220009 0)
(0.036 0.0230046 -0.01)
(0.036 0.0230046 0)
(0.03 0.0240172 -0.01)
(0.03 0.0240172 0)
(0.031 0.0240172 -0.01)
(0.031 0.0240172 0)
(0.03 0.0250489 -0.01)
(0.03 0.0250489 0)
(0.031 0.0250489 -0.01)
(0.031 0.0250489 0)
(0.032 0.0240172 -0.01)
(0.032 0.0240172 0)
(0.033 0.0240172 -0.01)
(0.033 0.0240172 0)
(0.032 0.0250489 -0.01)
(0.032 0.0250489 0)
(0.033 0.0250489 -0.01)
(0.033 0.0250489 0)
(0.03 0.0261051 -0.01)
(0.03 0.0261051 0)
(0.031 0.0261051 -0.01)
(0.031 0.0261051 0)
(0.03 0.027165 -0.01)
(0.03 0.027165 0)
(0.031 0.027165 -0.01)
(0.031 0.027165 0)
(0.032 0.0261051 -0.01)
(0.032 0.0261051 0)
(0.033 0.0261051 -0.01)
(0.033 0.0261051 0)
(0.032 0.027165 -0.01)
(0.032 0.027165 0)
(0.033 0.027165 -0.01)
(0.033 0.027165 0)
(0.034 0.0240172 -0.01)
(0.034 0.0240172 0)
(0.035 0.0240172 -0.01)
(0.035 0.0240172 0)
(0.034 0.0250489 -0.01)
(0.034 0.0250489 0)
(0.035 0.0250489 -0.01)
(0.035 0.0250489 0)
(0.036 0.0240172 -0.01)
(0.036 0.0240172 0)
(0.036 0.0250489 -0.01)
(0.036 0.0250489 0)
(0.034 0.0261051 -0.01)
(0.034 0.0261051 0)
(0.035 0.0261051 -0.01)
(0.035 0.0261051 0)
(0.034 0.027165 -0.01)
(0.034 0.027165 0)
(0.035 0.027165 -0.01)
(0.035 0.027165 0)
(0.036 0.0261051 -0.01)
(0.036 0.0261051 0)
(0.036 0.027165 -0.01)
(0.036 0.027165 0)
(0.03 0.0281789 -0.01)
(0.03 0.0281789 0)
(0.031 0.0281789 -0.01)
(0.031 0.0281789 0)
(0.03 0.0291166 -0.01)
(0.03 0.0291166 0)
(0.031 0.0291166 -0.01)
(0.031 0.0291166 0)
(0.032 0.0281789 -0.01)
(0.032 0.0281789 0)
(0.033 0.0281789 -0.01)
(0.033 0.0281789 0)
(0.032 0.0291166 -0.01)
(0.032 0.0291166 0)
(0.033 0.0291166 -0.01)
(0.033 0.0291166 0)
(0.034 0.0281789 -0.01)
(0.034 0.0281789 0)
(0.035 0.0281789 -0.01)
(0.035 0.0281789 0)
(0.034 0.0291166 -0.01)
(0.034 0.0291166 0)
(0.035 0.0291166 -0.01)
(0.035 0.0291166 0)
(0.036 0.0281789 -0.01)
(0.036 0.0281789 0)
(0.036 0.0291166 -0.01)
(0.036 0.0291166 0)
(0.017 0.03 -0.01)
(0.017 0.03 0)
(0.018 0.03 -0.01)
(0.018 0.03 0)
(0.019 0.03 -0.01)
(0.019 0.03 0)
(0.02 0.03 -0.01)
(0.02 0.03 0)
(0.021 0.03 -0.01)
(0.021 0.03 0)
(0.022 0.03 -0.01)
(0.022 0.03 0)
(0.023 0.03 -0.01)
(0.023 0.03 0)
(0.024 0.03 -0.01)
(0.024 0.03 0)
(0.025 0.03 -0.01)
(0.025 0.03 0)
(0.026 0.03 -0.01)
(0.026 0.03 0)
(0.027 0.03 -0.01)
(0.027 0.03 0)
(0.028 0.03 -0.01)
(0.028 0.03 0)
(0.029 0.03 -0.01)
(0.029 0.03 0)
(0.03 0.03 -0.01)
(0.03 0.03 0)
(0.031 0.03 -0.01)
(0.031 0.03 0)
(0.032 0.03 -0.01)
(0.032 0.03 0)
(0.033 0.03 -0.01)
(0.033 0.03 0)
(0.034 0.03 -0.01)
(0.034 0.03 0)
(0.035 0.03 -0.01)
(0.035 0.03 0)
(0.036 0.03 -0.01)
(0.036 0.03 0)
)


// ************************************************************************* //
