/*--------------------------------*- C++ -*----------------------------------*\
| =========                 |                                                 |
| \\      /  F ield         | OpenFOAM: The Open Source CFD Toolbox           |
|  \\    /   O peration     | Version:  2306                                  |
|   \\  /    A nd           | Website:  www.openfoam.com                      |
|    \\/     M anipulation  |                                                 |
\*---------------------------------------------------------------------------*/
FoamFile
{
    version     2.0;
    format      ascii;
    arch        "LSB;label=32;scalar=64";
    class       labelList;
    location    "constant/polyMesh";
    object      faceProcAddressing;
}
// * * * * * * * * * * * * * * * * * * * * * * * * * * * * * * * * * * * * * //


1187
(
134
135
136
137
138
139
140
141
142
143
144
145
146
147
148
149
150
151
152
153
154
155
156
157
158
159
160
161
162
163
164
165
166
167
168
169
170
171
172
173
174
175
177
318
319
320
321
322
323
324
325
326
327
328
329
330
331
332
333
334
335
336
337
338
339
340
341
342
344
346
347
348
349
350
351
352
353
355
781
782
783
784
785
786
787
788
789
790
791
792
793
794
795
796
797
798
799
800
801
802
803
804
805
806
807
808
809
810
811
812
813
814
815
816
817
818
819
820
821
822
824
1061
1062
1063
1064
1065
1066
1067
1068
1069
1070
1071
1072
1073
1074
1075
1076
1077
1078
1079
1081
1089
1090
1092
1093
1101
1102
1103
1104
1105
1106
1107
1108
1109
1110
1111
1112
1113
1114
1115
1116
1117
1118
1119
1120
1121
1122
1123
1124
1125
1126
1127
1128
1129
1130
1131
1132
1133
1134
1135
1136
1137
1138
1139
1140
1141
1142
1143
1144
1145
1146
1147
1148
1149
1150
1151
1152
1153
1154
1155
1156
1157
1158
1159
1160
1161
1162
1163
1164
1165
1166
1167
1168
1169
1170
1171
1172
1173
1174
1175
1176
1177
1178
1179
1180
1181
1182
1183
1184
1185
1186
1187
1188
1189
1190
1191
1192
1193
1194
1195
1196
1197
1198
1199
1200
1201
1202
1203
1204
1205
1206
1207
1208
1209
1210
1211
1212
1213
1214
1215
1216
1217
1218
1219
1220
1221
1222
1223
1224
1225
1226
1227
1228
1229
1230
1231
1233
1236
1237
1238
1239
1240
1241
1242
1243
1244
1245
1246
1247
1248
1249
1250
1251
1252
1253
1254
1255
1256
1257
1258
1259
1260
1261
1262
1263
1264
1265
1266
1267
1268
1269
1270
1271
1272
1273
1274
1275
1276
1277
1278
1279
1280
1281
1282
1283
1284
1285
1286
1287
1288
1289
1290
1291
1292
1293
1294
1296
1297
1299
1300
1301
1302
1303
1304
1305
1306
1308
1315
1317
1319
1322
1674
1675
1946
1947
1948
1949
1950
1951
1952
1953
1954
1955
1956
1957
1958
1959
1960
1961
1962
1963
1964
1965
1966
1967
1968
1969
1970
1971
1972
1973
1974
1975
1976
1977
1978
1979
1980
1981
1982
1983
1984
1985
1986
1987
1988
1989
1990
1991
1992
1993
1994
1995
1996
1997
1998
1999
2000
2001
2002
2003
2004
2005
2006
2007
2008
2009
2010
2011
2012
2013
2014
2015
2016
2017
2018
2019
2020
2021
2022
2023
2024
2025
2026
2027
2028
2029
2030
2031
2032
2033
2034
2035
2037
2038
2040
2042
2130
2131
2132
2133
2134
2135
2136
2137
2138
2139
2140
2141
2142
2143
2144
2145
2146
2147
2148
2149
2150
2151
2152
2153
2154
2155
2156
2157
2158
2159
2160
2161
2162
2163
2164
2165
2166
2167
2168
2169
2170
2171
2172
2173
2174
2175
2176
2177
2178
2179
2180
2181
2182
2183
2184
2185
2186
2187
2188
2189
2190
2191
2192
2193
2194
2195
2196
2198
2224
2225
2227
2230
2248
2250
2252
2254
4191
4192
4193
4194
4195
4196
4197
4198
4199
4200
4201
4202
4203
4204
4205
4206
4207
4208
4209
4210
4211
4212
4246
4247
4248
4249
4250
4251
4252
4253
4254
4255
4257
4292
4293
4294
4295
4296
4297
4298
4299
4508
4509
4510
4511
4512
4513
4514
4515
4516
4517
4518
4519
4520
4521
4522
4523
4524
4525
4526
4527
4528
4529
4561
4562
4563
4564
4565
4566
4567
4568
4569
4570
4572
4606
4607
4608
4609
4610
4611
4612
4613
5323
5327
5371
5375
5387
5391
5409
5411
5413
5415
5417
5419
5421
5423
5445
5447
5453
5455
5457
5459
5461
5463
5465
5467
5469
5471
5473
5475
5477
5479
5481
5483
5485
5487
5489
5491
5493
5495
5497
5499
5501
5503
5505
5507
5509
5511
5513
5515
5517
5519
5560
5564
5575
5578
5602
5605
5606
5608
5610
5612
5613
5615
5617
5619
5620
5622
5624
5625
5627
5629
5631
5633
5635
5637
5639
5641
5643
5645
5647
5649
5651
5653
5655
5657
5659
5661
5663
5665
5667
5669
5670
5672
5674
5676
5677
5679
5681
5683
5684
5686
5688
5690
5691
5693
5715
5717
5719
5721
5723
5725
5743
5745
5747
5748
5750
5753
5755
5757
5759
5761
5763
5765
5767
5769
5771
5773
5775
5777
5779
5781
5783
5785
5787
5789
5791
5793
5795
5797
5799
5801
5803
5804
5806
5808
5810
5812
5814
5833
5835
5837
5838
5860
5870
5872
5874
5876
5878
5880
5882
5884
5886
5888
5890
5892
5894
5895
5902
5904
5906
5907
5909
5911
5913
5915
5917
5919
5921
5923
5925
5927
5928
5930
5932
5934
5936
5938
5939
5941
5943
5945
5947
5949
5951
5953
5955
5957
5959
5961
5963
5965
5966
5968
5970
5972
5973
5975
5977
5979
5980
5982
5984
5986
5987
5989
5991
5993
5995
5997
5999
6001
6003
6005
6007
6009
6011
6013
6015
6016
6018
6020
6021
6025
6035
6039
6051
6053
6055
6056
6058
6060
6062
6063
6065
6068
6636
6637
6638
6639
6640
6641
6642
6643
6644
6645
6646
6647
6648
6649
6650
6651
6652
6653
6654
6655
6656
6657
6689
6690
6691
6692
6693
6694
6695
6696
6697
6698
6700
6734
6735
6736
6737
6738
6739
6740
6741
7451
7455
7499
7503
7515
7519
7537
7539
7541
7543
7545
7547
7549
7551
7573
7575
7581
7583
7585
7587
7589
7591
7593
7595
7597
7599
7601
7603
7605
7607
7609
7611
7613
7615
7617
7619
7621
7623
7625
7627
7629
7631
7633
7635
7637
7639
7641
7643
7645
7647
7688
7692
7704
7707
7731
7733
7735
7737
7739
7741
7742
7744
7746
7747
7749
7751
7752
7754
7755
7757
7759
7761
7763
7765
7767
7769
7771
7773
7775
7777
7779
7781
7783
7785
7787
7789
7791
7793
7795
7797
7799
7800
7802
7804
7806
7807
7809
7811
7813
7814
7816
7818
7820
7821
7843
7845
7847
7849
7851
7853
7871
7873
7875
7877
7878
7882
7884
7886
7888
7890
7892
7894
7896
7898
7900
7902
7904
7906
7908
7910
7912
7914
7916
7918
7920
7922
7923
7925
7927
7929
7931
7933
7935
7937
7939
7941
7943
7962
7963
7965
7967
7988
7999
8001
8002
8004
8006
8008
8010
8012
8014
8016
8018
8021
8022
8024
8031
8033
8034
8036
8038
8040
8042
8044
8046
8048
8050
8052
8054
8055
8057
8058
8060
8062
8064
8066
8068
8070
8071
8073
8075
8077
8079
8081
8083
8085
8087
8089
8091
8093
8095
8096
8098
8100
8102
8103
8105
8107
8109
8110
8112
8114
8116
8117
8119
8121
8123
8125
8127
8129
8131
8133
8135
8137
8139
8141
8143
8145
8146
8148
8150
8153
8164
8168
8180
8182
8183
8185
8187
8189
8190
8192
8194
8197
343
345
1295
1298
1307
1309
1310
-1313
1316
1318
1320
1321
1324
-1671
1676
1677
1678
-1944
2197
2199
2200
-2206
-2222
2226
2228
2229
-2246
-132
-779
2036
2039
2041
2043
2044
-2128
2249
2251
2253
2255
2256
176
-316
-317
354
823
-1059
1080
-1087
1091
-1099
1232
-1235
1323
)


// ************************************************************************* //
