/*--------------------------------*- C++ -*----------------------------------*\
| =========                 |                                                 |
| \\      /  F ield         | OpenFOAM: The Open Source CFD Toolbox           |
|  \\    /   O peration     | Version:  2306                                  |
|   \\  /    A nd           | Website:  www.openfoam.com                      |
|    \\/     M anipulation  |                                                 |
\*---------------------------------------------------------------------------*/
FoamFile
{
    version     2.0;
    format      ascii;
    arch        "LSB;label=32;scalar=64";
    class       faceList;
    location    "constant/polyMesh";
    object      faces;
}
// * * * * * * * * * * * * * * * * * * * * * * * * * * * * * * * * * * * * * //


1187
(
4(155 154 582 583)
4(152 154 155 153)
4(225 224 584 585)
4(154 224 225 155)
4(227 226 586 587)
4(224 226 227 225)
4(233 232 588 589)
4(226 232 233 227)
4(235 234 590 591)
4(232 234 235 233)
4(241 240 592 593)
4(234 240 241 235)
4(243 242 594 595)
4(240 242 243 241)
4(249 248 596 597)
4(242 248 249 243)
4(251 250 598 599)
4(248 250 251 249)
4(493 492 600 601)
4(250 492 493 251)
4(495 494 602 603)
4(492 494 495 493)
4(501 500 604 605)
4(494 500 501 495)
4(503 502 606 607)
4(500 502 503 501)
4(509 508 608 609)
4(502 508 509 503)
4(511 510 610 611)
4(508 510 511 509)
4(517 516 612 613)
4(510 516 517 511)
4(519 518 614 615)
4(516 518 519 517)
4(565 564 616 617)
4(518 564 565 519)
4(567 566 618 619)
4(564 566 567 565)
4(573 572 620 621)
4(566 572 573 567)
4(575 574 622 623)
4(572 574 575 573)
4(574 578 579 575)
4(414 662 663 415)
4(414 415 417 416)
4(396 660 661 397)
4(396 397 415 414)
4(394 658 659 395)
4(394 395 397 396)
4(393 392 656 657)
4(392 393 395 394)
4(386 654 655 387)
4(386 387 393 392)
4(384 652 653 385)
4(384 385 387 386)
4(338 638 639 339)
4(338 339 385 384)
4(295 294 636 637)
4(294 295 339 338)
4(292 634 635 293)
4(292 293 295 294)
4(286 628 629 287)
4(286 287 293 292)
4(283 282 626 627)
4(282 283 287 286)
4(289 288 630 631)
4(282 288 289 283)
4(291 290 632 633)
4(369 368 640 641)
4(371 370 642 643)
4(368 370 371 369)
4(373 372 644 645)
4(370 372 373 371)
4(377 376 646 647)
4(372 376 377 373)
4(379 378 648 649)
4(376 378 379 377)
4(378 382 383 379)
4(150 154 155 151)
4(148 150 151 149)
4(220 224 225 221)
4(150 220 221 151)
4(222 226 227 223)
4(220 222 223 221)
4(228 232 233 229)
4(222 228 229 223)
4(230 234 235 231)
4(228 230 231 229)
4(236 240 241 237)
4(230 236 237 231)
4(238 242 243 239)
4(236 238 239 237)
4(244 248 249 245)
4(238 244 245 239)
4(246 250 251 247)
4(244 246 247 245)
4(488 492 493 489)
4(246 488 489 247)
4(490 494 495 491)
4(488 490 491 489)
4(496 500 501 497)
4(490 496 497 491)
4(498 502 503 499)
4(496 498 499 497)
4(504 508 509 505)
4(498 504 505 499)
4(506 510 511 507)
4(504 506 507 505)
4(512 516 517 513)
4(506 512 513 507)
4(514 518 519 515)
4(512 514 515 513)
4(560 564 565 561)
4(514 560 561 515)
4(562 566 567 563)
4(560 562 563 561)
4(568 572 573 569)
4(562 568 569 563)
4(570 574 575 571)
4(568 570 571 569)
4(570 576 577 571)
4(550 551 571 570)
4(550 558 559 551)
4(548 549 569 568)
4(548 550 551 549)
4(542 543 563 562)
4(542 548 549 543)
4(540 541 561 560)
4(540 542 543 541)
4(486 540 541 487)
4(486 487 515 514)
4(536 540 541 537)
4(482 536 537 483)
4(482 483 487 486)
4(538 542 543 539)
4(536 538 539 537)
4(544 548 549 545)
4(538 544 545 539)
4(546 550 551 547)
4(544 546 547 545)
4(546 556 557 547)
4(534 554 555 535)
4(534 535 547 546)
4(530 552 553 531)
4(530 531 535 534)
4(412 413 531 530)
4(412 422 423 413)
4(528 529 531 530)
4(410 411 529 528)
4(410 412 413 411)
4(532 533 535 534)
4(528 529 533 532)
4(532 533 545 544)
4(526 527 539 538)
4(526 532 533 527)
4(524 525 537 536)
4(524 526 527 525)
4(470 524 525 471)
4(470 471 483 482)
4(520 524 525 521)
4(466 520 521 467)
4(466 467 471 470)
4(522 526 527 523)
4(520 522 523 521)
4(522 528 529 523)
4(404 405 523 522)
4(404 410 411 405)
4(402 403 521 520)
4(402 404 405 403)
4(358 359 467 466)
4(358 402 403 359)
4(464 465 467 466)
4(356 357 465 464)
4(356 358 359 357)
4(468 469 471 470)
4(464 465 469 468)
4(480 481 483 482)
4(468 469 481 480)
4(484 485 487 486)
4(480 481 485 484)
4(484 485 513 512)
4(478 479 507 506)
4(478 484 485 479)
4(476 477 505 504)
4(476 478 479 477)
4(454 455 499 498)
4(454 476 477 455)
4(452 453 497 496)
4(452 454 455 453)
4(446 447 491 490)
4(446 452 453 447)
4(444 445 489 488)
4(444 446 447 445)
4(218 444 445 219)
4(218 219 247 246)
4(440 444 445 441)
4(214 440 441 215)
4(214 215 219 218)
4(442 446 447 443)
4(440 442 443 441)
4(448 452 453 449)
4(442 448 449 443)
4(450 454 455 451)
4(448 450 451 449)
4(472 476 477 473)
4(450 472 473 451)
4(474 478 479 475)
4(472 474 475 473)
4(474 480 481 475)
4(462 463 475 474)
4(462 468 469 463)
4(460 461 473 472)
4(460 462 463 461)
4(438 460 461 439)
4(438 439 451 450)
4(456 460 461 457)
4(434 456 457 435)
4(434 435 439 438)
4(458 462 463 459)
4(456 458 459 457)
4(458 464 465 459)
4(350 351 459 458)
4(350 356 357 351)
4(348 349 457 456)
4(348 350 351 349)
4(326 327 435 434)
4(326 348 349 327)
4(432 433 435 434)
4(324 325 433 432)
4(324 326 327 325)
4(436 437 439 438)
4(432 433 437 436)
4(436 437 449 448)
4(430 431 443 442)
4(430 436 437 431)
4(428 429 441 440)
4(428 430 431 429)
4(202 428 429 203)
4(202 203 215 214)
4(424 428 429 425)
4(198 424 425 199)
4(198 199 203 202)
4(426 430 431 427)
4(424 426 427 425)
4(426 432 433 427)
4(318 319 427 426)
4(318 324 325 319)
4(316 317 425 424)
4(316 318 319 317)
4(130 316 317 131)
4(130 131 199 198)
4(312 316 317 313)
4(126 312 313 127)
4(126 127 131 130)
4(314 318 319 315)
4(312 314 315 313)
4(320 324 325 321)
4(314 320 321 315)
4(322 326 327 323)
4(320 322 323 321)
4(344 348 349 345)
4(322 344 345 323)
4(346 350 351 347)
4(344 346 347 345)
4(352 356 357 353)
4(346 352 353 347)
4(354 358 359 355)
4(352 354 355 353)
4(398 402 403 399)
4(354 398 399 355)
4(400 404 405 401)
4(398 400 401 399)
4(406 410 411 407)
4(400 406 407 401)
4(408 412 413 409)
4(406 408 409 407)
4(408 418 419 409)
4(414 415 419 418)
4(396 397 409 408)
4(394 395 407 406)
4(390 391 401 400)
4(390 394 395 391)
4(388 389 399 398)
4(388 390 391 389)
4(342 388 389 343)
4(342 343 355 354)
4(384 388 389 385)
4(338 339 343 342)
4(386 390 391 387)
4(340 341 343 342)
4(336 337 341 340)
4(336 338 339 337)
4(340 341 353 352)
4(334 335 347 346)
4(334 340 341 335)
4(332 333 345 344)
4(332 334 335 333)
4(310 332 333 311)
4(310 311 323 322)
4(328 332 333 329)
4(306 328 329 307)
4(306 307 311 310)
4(330 334 335 331)
4(328 330 331 329)
4(330 336 337 331)
4(292 336 337 293)
4(286 287 331 330)
4(284 285 329 328)
4(284 286 287 285)
4(272 273 307 306)
4(272 284 285 273)
4(304 305 307 306)
4(270 271 305 304)
4(270 272 273 271)
4(308 309 311 310)
4(304 305 309 308)
4(308 309 321 320)
4(302 303 315 314)
4(302 308 309 303)
4(300 301 313 312)
4(300 302 303 301)
4(114 300 301 115)
4(114 115 127 126)
4(296 300 301 297)
4(110 296 297 111)
4(110 111 115 114)
4(298 302 303 299)
4(296 298 299 297)
4(298 304 305 299)
4(264 265 299 298)
4(264 270 271 265)
4(262 263 297 296)
4(262 264 265 263)
4(66 262 263 67)
4(66 67 111 110)
4(258 262 263 259)
4(62 63 67 66)
4(260 264 265 261)
4(266 270 271 267)
4(260 266 267 261)
4(268 272 273 269)
4(266 268 269 267)
4(280 284 285 281)
4(268 280 281 269)
4(280 282 283 281)
4(276 282 283 277)
4(274 275 281 280)
4(362 370 371 363)
4(364 372 373 365)
4(372 373 375 374)
4(374 378 379 375)
4(256 257 269 268)
4(254 255 267 266)
4(64 65 67 66)
4(60 61 65 64)
4(108 109 111 110)
4(64 65 109 108)
4(112 113 115 114)
4(108 109 113 112)
4(124 125 127 126)
4(112 113 125 124)
4(128 129 131 130)
4(124 125 129 128)
4(196 197 199 198)
4(128 129 197 196)
4(200 201 203 202)
4(196 197 201 200)
4(212 213 215 214)
4(200 201 213 212)
4(216 217 219 218)
4(212 213 217 216)
4(216 217 245 244)
4(210 211 239 238)
4(210 216 217 211)
4(208 209 237 236)
4(208 210 211 209)
4(186 187 231 230)
4(186 208 209 187)
4(184 185 229 228)
4(184 186 187 185)
4(178 179 223 222)
4(178 184 185 179)
4(176 177 221 220)
4(176 178 179 177)
4(146 176 177 147)
4(146 147 151 150)
4(172 176 177 173)
4(142 172 173 143)
4(142 143 147 146)
4(174 178 179 175)
4(172 174 175 173)
4(180 184 185 181)
4(174 180 181 175)
4(182 186 187 183)
4(180 182 183 181)
4(204 208 209 205)
4(182 204 205 183)
4(206 210 211 207)
4(204 206 207 205)
4(206 212 213 207)
4(194 195 207 206)
4(194 200 201 195)
4(192 193 205 204)
4(192 194 195 193)
4(170 192 193 171)
4(170 171 183 182)
4(188 192 193 189)
4(166 188 189 167)
4(166 167 171 170)
4(190 194 195 191)
4(188 190 191 189)
4(190 196 197 191)
4(122 123 191 190)
4(122 128 129 123)
4(120 121 189 188)
4(120 122 123 121)
4(98 99 167 166)
4(98 120 121 99)
4(164 165 167 166)
4(96 97 165 164)
4(96 98 99 97)
4(168 169 171 170)
4(164 165 169 168)
4(168 169 181 180)
4(162 163 175 174)
4(162 168 169 163)
4(160 161 173 172)
4(160 162 163 161)
4(138 160 161 139)
4(138 139 143 142)
4(156 160 161 157)
4(134 156 157 135)
4(134 135 139 138)
4(158 162 163 159)
4(156 158 159 157)
4(158 164 165 159)
4(90 91 159 158)
4(90 96 97 91)
4(88 89 157 156)
4(88 90 91 89)
4(26 27 135 134)
4(26 88 89 27)
4(132 133 135 134)
4(24 26 27 25)
4(136 137 139 138)
4(140 141 143 142)
4(144 145 147 146)
4(22 26 27 23)
4(20 22 23 21)
4(84 88 89 85)
4(22 84 85 23)
4(86 90 91 87)
4(84 86 87 85)
4(92 96 97 93)
4(86 92 93 87)
4(94 98 99 95)
4(92 94 95 93)
4(116 120 121 117)
4(94 116 117 95)
4(118 122 123 119)
4(116 118 119 117)
4(118 124 125 119)
4(106 107 119 118)
4(106 112 113 107)
4(104 105 117 116)
4(104 106 107 105)
4(82 104 105 83)
4(82 83 95 94)
4(100 104 105 101)
4(78 100 101 79)
4(78 79 83 82)
4(102 106 107 103)
4(100 102 103 101)
4(102 108 109 103)
4(58 59 103 102)
4(58 64 65 59)
4(56 57 101 100)
4(56 58 59 57)
4(50 51 79 78)
4(50 56 57 51)
4(76 77 79 78)
4(48 49 77 76)
4(48 50 51 49)
4(80 81 83 82)
4(76 77 81 80)
4(80 81 93 92)
4(74 75 87 86)
4(74 80 81 75)
4(72 73 85 84)
4(72 74 75 73)
4(18 72 73 19)
4(18 19 23 22)
4(68 72 73 69)
4(14 68 69 15)
4(14 15 19 18)
4(70 74 75 71)
4(68 70 71 69)
4(70 76 77 71)
4(42 43 71 70)
4(42 48 49 43)
4(40 41 69 68)
4(40 42 43 41)
4(10 40 41 11)
4(10 11 15 14)
4(36 40 41 37)
4(6 36 37 7)
4(6 7 11 10)
4(38 42 43 39)
4(36 38 39 37)
4(44 48 49 45)
4(38 44 45 39)
4(46 50 51 47)
4(44 46 47 45)
4(52 56 57 53)
4(54 58 59 55)
4(32 33 45 44)
4(30 31 39 38)
4(28 29 37 36)
4(2 3 7 6)
4(4 5 7 6)
4(8 9 11 10)
4(12 13 15 14)
4(16 17 19 18)
4(580 581 583 582)
4(582 583 585 584)
4(584 585 587 586)
4(586 587 589 588)
4(588 589 591 590)
4(590 591 593 592)
4(592 593 595 594)
4(594 595 597 596)
4(596 597 599 598)
4(598 599 601 600)
4(600 601 603 602)
4(602 603 605 604)
4(604 605 607 606)
4(606 607 609 608)
4(608 609 611 610)
4(610 611 613 612)
4(612 613 615 614)
4(614 615 617 616)
4(616 617 619 618)
4(618 619 621 620)
4(620 621 623 622)
4(622 623 625 624)
4(626 628 629 627)
4(628 634 635 629)
4(636 638 639 637)
4(634 636 637 635)
4(638 652 653 639)
4(652 654 655 653)
4(656 658 659 657)
4(654 656 657 655)
4(658 660 661 659)
4(660 662 663 661)
4(662 664 665 663)
4(626 627 631 630)
4(630 631 633 632)
4(632 633 641 640)
4(640 641 643 642)
4(642 643 645 644)
4(644 645 647 646)
4(646 647 649 648)
4(648 649 651 650)
4(154 152 580 582)
4(224 154 582 584)
4(226 224 584 586)
4(232 226 586 588)
4(234 232 588 590)
4(240 234 590 592)
4(242 240 592 594)
4(248 242 594 596)
4(250 248 596 598)
4(492 250 598 600)
4(494 492 600 602)
4(500 494 602 604)
4(502 500 604 606)
4(508 502 606 608)
4(510 508 608 610)
4(516 510 610 612)
4(518 516 612 614)
4(564 518 614 616)
4(566 564 616 618)
4(572 566 618 620)
4(574 572 620 622)
4(578 574 622 624)
4(282 286 628 626)
4(286 292 634 628)
4(294 338 638 636)
4(292 294 636 634)
4(338 384 652 638)
4(384 386 654 652)
4(392 394 658 656)
4(386 392 656 654)
4(394 396 660 658)
4(396 414 662 660)
4(414 416 664 662)
4(288 282 626 630)
4(290 288 630 632)
4(368 290 632 640)
4(370 368 640 642)
4(372 370 642 644)
4(376 372 644 646)
4(378 376 646 648)
4(382 378 648 650)
4(0 4 6 2)
4(4 8 10 6)
4(8 12 14 10)
4(12 16 18 14)
4(16 20 22 18)
4(20 24 26 22)
4(2 6 36 28)
4(28 36 38 30)
4(6 10 40 36)
4(36 40 42 38)
4(30 38 44 32)
4(32 44 46 34)
4(38 42 48 44)
4(44 48 50 46)
4(46 50 56 52)
4(52 56 58 54)
4(54 58 64 60)
4(60 64 66 62)
4(10 14 68 40)
4(40 68 70 42)
4(14 18 72 68)
4(68 72 74 70)
4(42 70 76 48)
4(48 76 78 50)
4(70 74 80 76)
4(76 80 82 78)
4(18 22 84 72)
4(72 84 86 74)
4(22 26 88 84)
4(84 88 90 86)
4(74 86 92 80)
4(80 92 94 82)
4(86 90 96 92)
4(92 96 98 94)
4(50 78 100 56)
4(56 100 102 58)
4(78 82 104 100)
4(100 104 106 102)
4(58 102 108 64)
4(64 108 110 66)
4(102 106 112 108)
4(108 112 114 110)
4(82 94 116 104)
4(104 116 118 106)
4(94 98 120 116)
4(116 120 122 118)
4(106 118 124 112)
4(112 124 126 114)
4(118 122 128 124)
4(124 128 130 126)
4(24 132 134 26)
4(132 136 138 134)
4(136 140 142 138)
4(140 144 146 142)
4(144 148 150 146)
4(148 152 154 150)
4(26 134 156 88)
4(88 156 158 90)
4(134 138 160 156)
4(156 160 162 158)
4(90 158 164 96)
4(96 164 166 98)
4(158 162 168 164)
4(164 168 170 166)
4(138 142 172 160)
4(160 172 174 162)
4(142 146 176 172)
4(172 176 178 174)
4(162 174 180 168)
4(168 180 182 170)
4(174 178 184 180)
4(180 184 186 182)
4(98 166 188 120)
4(120 188 190 122)
4(166 170 192 188)
4(188 192 194 190)
4(122 190 196 128)
4(128 196 198 130)
4(190 194 200 196)
4(196 200 202 198)
4(170 182 204 192)
4(192 204 206 194)
4(182 186 208 204)
4(204 208 210 206)
4(194 206 212 200)
4(200 212 214 202)
4(206 210 216 212)
4(212 216 218 214)
4(146 150 220 176)
4(176 220 222 178)
4(150 154 224 220)
4(220 224 226 222)
4(178 222 228 184)
4(184 228 230 186)
4(222 226 232 228)
4(228 232 234 230)
4(186 230 236 208)
4(208 236 238 210)
4(230 234 240 236)
4(236 240 242 238)
4(210 238 244 216)
4(216 244 246 218)
4(238 242 248 244)
4(244 248 250 246)
4(62 66 262 258)
4(258 262 264 260)
4(252 260 266 254)
4(254 266 268 256)
4(260 264 270 266)
4(266 270 272 268)
4(256 268 280 274)
4(274 280 282 276)
4(268 272 284 280)
4(280 284 286 282)
4(276 282 288 278)
4(66 110 296 262)
4(262 296 298 264)
4(110 114 300 296)
4(296 300 302 298)
4(264 298 304 270)
4(270 304 306 272)
4(298 302 308 304)
4(304 308 310 306)
4(114 126 312 300)
4(300 312 314 302)
4(126 130 316 312)
4(312 316 318 314)
4(302 314 320 308)
4(308 320 322 310)
4(314 318 324 320)
4(320 324 326 322)
4(272 306 328 284)
4(284 328 330 286)
4(306 310 332 328)
4(328 332 334 330)
4(286 330 336 292)
4(292 336 338 294)
4(330 334 340 336)
4(336 340 342 338)
4(310 322 344 332)
4(332 344 346 334)
4(322 326 348 344)
4(344 348 350 346)
4(334 346 352 340)
4(340 352 354 342)
4(346 350 356 352)
4(352 356 358 354)
4(360 368 370 362)
4(362 370 372 364)
4(364 372 374 366)
4(372 376 378 374)
4(374 378 382 380)
4(338 342 388 384)
4(384 388 390 386)
4(386 390 394 392)
4(342 354 398 388)
4(388 398 400 390)
4(354 358 402 398)
4(398 402 404 400)
4(390 400 406 394)
4(394 406 408 396)
4(400 404 410 406)
4(406 410 412 408)
4(396 408 418 414)
4(414 418 420 416)
4(408 412 422 418)
4(130 198 424 316)
4(316 424 426 318)
4(198 202 428 424)
4(424 428 430 426)
4(318 426 432 324)
4(324 432 434 326)
4(426 430 436 432)
4(432 436 438 434)
4(202 214 440 428)
4(428 440 442 430)
4(214 218 444 440)
4(440 444 446 442)
4(430 442 448 436)
4(436 448 450 438)
4(442 446 452 448)
4(448 452 454 450)
4(326 434 456 348)
4(348 456 458 350)
4(434 438 460 456)
4(456 460 462 458)
4(350 458 464 356)
4(356 464 466 358)
4(458 462 468 464)
4(464 468 470 466)
4(438 450 472 460)
4(460 472 474 462)
4(450 454 476 472)
4(472 476 478 474)
4(462 474 480 468)
4(468 480 482 470)
4(474 478 484 480)
4(480 484 486 482)
4(218 246 488 444)
4(444 488 490 446)
4(246 250 492 488)
4(488 492 494 490)
4(446 490 496 452)
4(452 496 498 454)
4(490 494 500 496)
4(496 500 502 498)
4(454 498 504 476)
4(476 504 506 478)
4(498 502 508 504)
4(504 508 510 506)
4(478 506 512 484)
4(484 512 514 486)
4(506 510 516 512)
4(512 516 518 514)
4(358 466 520 402)
4(402 520 522 404)
4(466 470 524 520)
4(520 524 526 522)
4(404 522 528 410)
4(410 528 530 412)
4(522 526 532 528)
4(528 532 534 530)
4(470 482 536 524)
4(524 536 538 526)
4(482 486 540 536)
4(536 540 542 538)
4(526 538 544 532)
4(532 544 546 534)
4(538 542 548 544)
4(544 548 550 546)
4(412 530 552 422)
4(530 534 554 552)
4(534 546 556 554)
4(546 550 558 556)
4(486 514 560 540)
4(540 560 562 542)
4(514 518 564 560)
4(560 564 566 562)
4(542 562 568 548)
4(548 568 570 550)
4(562 566 572 568)
4(568 572 574 570)
4(550 570 576 558)
4(570 574 578 576)
4(153 155 583 581)
4(155 225 585 583)
4(225 227 587 585)
4(227 233 589 587)
4(233 235 591 589)
4(235 241 593 591)
4(241 243 595 593)
4(243 249 597 595)
4(249 251 599 597)
4(251 493 601 599)
4(493 495 603 601)
4(495 501 605 603)
4(501 503 607 605)
4(503 509 609 607)
4(509 511 611 609)
4(511 517 613 611)
4(517 519 615 613)
4(519 565 617 615)
4(565 567 619 617)
4(567 573 621 619)
4(573 575 623 621)
4(575 579 625 623)
4(287 283 627 629)
4(293 287 629 635)
4(339 295 637 639)
4(295 293 635 637)
4(385 339 639 653)
4(387 385 653 655)
4(395 393 657 659)
4(393 387 655 657)
4(397 395 659 661)
4(415 397 661 663)
4(417 415 663 665)
4(283 289 631 627)
4(289 291 633 631)
4(291 369 641 633)
4(369 371 643 641)
4(371 373 645 643)
4(373 377 647 645)
4(377 379 649 647)
4(379 383 651 649)
4(1 3 7 5)
4(5 7 11 9)
4(9 11 15 13)
4(13 15 19 17)
4(17 19 23 21)
4(21 23 27 25)
4(3 29 37 7)
4(29 31 39 37)
4(7 37 41 11)
4(37 39 43 41)
4(31 33 45 39)
4(33 35 47 45)
4(39 45 49 43)
4(45 47 51 49)
4(47 53 57 51)
4(53 55 59 57)
4(55 61 65 59)
4(61 63 67 65)
4(11 41 69 15)
4(41 43 71 69)
4(15 69 73 19)
4(69 71 75 73)
4(43 49 77 71)
4(49 51 79 77)
4(71 77 81 75)
4(77 79 83 81)
4(19 73 85 23)
4(73 75 87 85)
4(23 85 89 27)
4(85 87 91 89)
4(75 81 93 87)
4(81 83 95 93)
4(87 93 97 91)
4(93 95 99 97)
4(51 57 101 79)
4(57 59 103 101)
4(79 101 105 83)
4(101 103 107 105)
4(59 65 109 103)
4(65 67 111 109)
4(103 109 113 107)
4(109 111 115 113)
4(83 105 117 95)
4(105 107 119 117)
4(95 117 121 99)
4(117 119 123 121)
4(107 113 125 119)
4(113 115 127 125)
4(119 125 129 123)
4(125 127 131 129)
4(25 27 135 133)
4(133 135 139 137)
4(137 139 143 141)
4(141 143 147 145)
4(145 147 151 149)
4(149 151 155 153)
4(27 89 157 135)
4(89 91 159 157)
4(135 157 161 139)
4(157 159 163 161)
4(91 97 165 159)
4(97 99 167 165)
4(159 165 169 163)
4(165 167 171 169)
4(139 161 173 143)
4(161 163 175 173)
4(143 173 177 147)
4(173 175 179 177)
4(163 169 181 175)
4(169 171 183 181)
4(175 181 185 179)
4(181 183 187 185)
4(99 121 189 167)
4(121 123 191 189)
4(167 189 193 171)
4(189 191 195 193)
4(123 129 197 191)
4(129 131 199 197)
4(191 197 201 195)
4(197 199 203 201)
4(171 193 205 183)
4(193 195 207 205)
4(183 205 209 187)
4(205 207 211 209)
4(195 201 213 207)
4(201 203 215 213)
4(207 213 217 211)
4(213 215 219 217)
4(147 177 221 151)
4(177 179 223 221)
4(151 221 225 155)
4(221 223 227 225)
4(179 185 229 223)
4(185 187 231 229)
4(223 229 233 227)
4(229 231 235 233)
4(187 209 237 231)
4(209 211 239 237)
4(231 237 241 235)
4(237 239 243 241)
4(211 217 245 239)
4(217 219 247 245)
4(239 245 249 243)
4(245 247 251 249)
4(63 259 263 67)
4(259 261 265 263)
4(253 255 267 261)
4(255 257 269 267)
4(261 267 271 265)
4(267 269 273 271)
4(257 275 281 269)
4(275 277 283 281)
4(269 281 285 273)
4(281 283 287 285)
4(277 279 289 283)
4(67 263 297 111)
4(263 265 299 297)
4(111 297 301 115)
4(297 299 303 301)
4(265 271 305 299)
4(271 273 307 305)
4(299 305 309 303)
4(305 307 311 309)
4(115 301 313 127)
4(301 303 315 313)
4(127 313 317 131)
4(313 315 319 317)
4(303 309 321 315)
4(309 311 323 321)
4(315 321 325 319)
4(321 323 327 325)
4(273 285 329 307)
4(285 287 331 329)
4(307 329 333 311)
4(329 331 335 333)
4(287 293 337 331)
4(293 295 339 337)
4(331 337 341 335)
4(337 339 343 341)
4(311 333 345 323)
4(333 335 347 345)
4(323 345 349 327)
4(345 347 351 349)
4(335 341 353 347)
4(341 343 355 353)
4(347 353 357 351)
4(353 355 359 357)
4(361 363 371 369)
4(363 365 373 371)
4(365 367 375 373)
4(373 375 379 377)
4(375 381 383 379)
4(339 385 389 343)
4(385 387 391 389)
4(387 393 395 391)
4(343 389 399 355)
4(389 391 401 399)
4(355 399 403 359)
4(399 401 405 403)
4(391 395 407 401)
4(395 397 409 407)
4(401 407 411 405)
4(407 409 413 411)
4(397 415 419 409)
4(415 417 421 419)
4(409 419 423 413)
4(131 317 425 199)
4(317 319 427 425)
4(199 425 429 203)
4(425 427 431 429)
4(319 325 433 427)
4(325 327 435 433)
4(427 433 437 431)
4(433 435 439 437)
4(203 429 441 215)
4(429 431 443 441)
4(215 441 445 219)
4(441 443 447 445)
4(431 437 449 443)
4(437 439 451 449)
4(443 449 453 447)
4(449 451 455 453)
4(327 349 457 435)
4(349 351 459 457)
4(435 457 461 439)
4(457 459 463 461)
4(351 357 465 459)
4(357 359 467 465)
4(459 465 469 463)
4(465 467 471 469)
4(439 461 473 451)
4(461 463 475 473)
4(451 473 477 455)
4(473 475 479 477)
4(463 469 481 475)
4(469 471 483 481)
4(475 481 485 479)
4(481 483 487 485)
4(219 445 489 247)
4(445 447 491 489)
4(247 489 493 251)
4(489 491 495 493)
4(447 453 497 491)
4(453 455 499 497)
4(491 497 501 495)
4(497 499 503 501)
4(455 477 505 499)
4(477 479 507 505)
4(499 505 509 503)
4(505 507 511 509)
4(479 485 513 507)
4(485 487 515 513)
4(507 513 517 511)
4(513 515 519 517)
4(359 403 521 467)
4(403 405 523 521)
4(467 521 525 471)
4(521 523 527 525)
4(405 411 529 523)
4(411 413 531 529)
4(523 529 533 527)
4(529 531 535 533)
4(471 525 537 483)
4(525 527 539 537)
4(483 537 541 487)
4(537 539 543 541)
4(527 533 545 539)
4(533 535 547 545)
4(539 545 549 543)
4(545 547 551 549)
4(413 423 553 531)
4(531 553 555 535)
4(535 555 557 547)
4(547 557 559 551)
4(487 541 561 515)
4(541 543 563 561)
4(515 561 565 519)
4(561 563 567 565)
4(543 549 569 563)
4(549 551 571 569)
4(563 569 573 567)
4(569 571 575 573)
4(551 559 577 571)
4(571 577 579 575)
4(288 290 291 289)
4(290 368 369 291)
4(62 258 259 63)
4(258 260 261 259)
4(274 276 277 275)
4(278 288 289 279)
4(276 278 279 277)
4(360 361 369 368)
4(360 362 363 361)
4(362 364 365 363)
4(366 374 375 367)
4(364 366 367 365)
4(374 380 381 375)
4(256 274 275 257)
4(254 256 257 255)
4(252 253 261 260)
4(252 254 255 253)
4(60 62 63 61)
4(46 52 53 47)
4(52 54 55 53)
4(54 60 61 55)
4(34 46 47 35)
4(32 34 35 33)
4(30 32 33 31)
4(28 30 31 29)
4(2 28 29 3)
4(0 2 3 1)
4(153 581 580 152)
4(148 149 153 152)
4(24 25 133 132)
4(132 133 137 136)
4(136 137 141 140)
4(140 141 145 144)
4(144 145 149 148)
4(20 21 25 24)
4(0 1 5 4)
4(4 5 9 8)
4(8 9 13 12)
4(12 13 17 16)
4(16 17 21 20)
4(579 578 624 625)
4(417 665 664 416)
4(416 420 421 417)
4(383 382 650 651)
4(576 578 579 577)
4(558 576 577 559)
4(556 558 559 557)
4(554 556 557 555)
4(552 554 555 553)
4(422 552 553 423)
4(418 422 423 419)
4(418 419 421 420)
4(380 382 383 381)
)


// ************************************************************************* //
