/*--------------------------------*- C++ -*----------------------------------*\
| =========                 |                                                 |
| \\      /  F ield         | OpenFOAM: The Open Source CFD Toolbox           |
|  \\    /   O peration     | Version:  2306                                  |
|   \\  /    A nd           | Website:  www.openfoam.com                      |
|    \\/     M anipulation  |                                                 |
\*---------------------------------------------------------------------------*/
FoamFile
{
    version     2.0;
    format      ascii;
    arch        "LSB;label=32;scalar=64";
    note        "nPoints:666  nCells:285  nFaces:1187  nInternalFaces:523";
    class       labelList;
    location    "constant/polyMesh";
    object      neighbour;
}
// * * * * * * * * * * * * * * * * * * * * * * * * * * * * * * * * * * * * * //


523
(
1
41
2
42
3
43
4
44
5
45
6
46
7
47
8
48
9
49
10
50
11
51
12
52
13
53
14
54
15
55
16
56
17
57
18
58
19
59
20
60
21
61
62
23
141
24
142
25
143
26
149
27
149
28
148
29
147
30
159
31
159
32
158
33
179
34
181
35
36
37
182
38
183
39
185
40
185
186
42
239
43
206
44
205
45
204
46
203
47
202
48
201
49
200
50
199
51
99
52
98
53
97
54
96
55
95
56
94
57
93
58
92
59
67
60
66
61
65
62
64
63
64
72
65
71
66
70
67
69
68
92
69
81
91
70
80
71
79
72
78
73
74
78
75
77
76
140
77
85
139
78
84
79
80
84
81
83
82
90
83
87
89
84
86
85
86
138
87
137
88
136
89
113
135
90
112
91
107
92
106
93
94
106
95
105
96
104
97
103
98
102
99
101
100
199
101
121
198
102
120
103
119
104
118
105
109
106
108
107
108
112
109
111
110
118
111
115
117
112
114
113
114
134
115
133
116
132
117
125
131
118
124
119
120
124
121
123
122
197
123
127
196
124
126
125
126
130
127
129
128
195
129
167
194
130
166
131
165
132
164
133
154
134
153
135
152
136
151
137
146
138
145
139
144
140
143
142
142
143
144
145
149
146
148
147
151
148
150
149
151
157
159
152
153
157
154
156
155
164
156
161
163
157
160
158
159
160
161
179
162
178
163
171
177
164
170
165
166
170
167
169
168
193
169
173
192
170
172
171
172
176
173
175
174
191
175
190
176
177
189
178
188
179
187
180
181
187
183
184
185
186
188
189
191
275
192
254
193
253
194
248
195
247
196
220
197
219
198
214
199
213
200
201
213
202
212
203
211
204
210
205
209
206
208
207
239
208
228
238
209
227
210
226
211
225
212
216
213
215
214
215
219
216
218
217
225
218
222
224
219
221
220
221
247
222
246
223
245
224
232
244
225
231
226
227
231
228
230
229
237
230
234
236
231
233
232
233
243
234
242
235
241
236
240
237
238
239
241
284
242
262
243
261
244
260
245
259
246
250
247
249
248
249
253
250
252
251
259
252
256
258
253
255
254
255
275
256
274
257
273
258
266
272
259
265
260
261
265
262
264
263
284
264
268
283
265
267
266
267
271
268
270
269
282
270
279
281
271
278
272
277
273
276
274
275
277
278
279
280
281
282
283
284
)


// ************************************************************************* //
