/*--------------------------------*- C++ -*----------------------------------*\
| =========                 |                                                 |
| \\      /  F ield         | OpenFOAM: The Open Source CFD Toolbox           |
|  \\    /   O peration     | Version:  2306                                  |
|   \\  /    A nd           | Website:  www.openfoam.com                      |
|    \\/     M anipulation  |                                                 |
\*---------------------------------------------------------------------------*/
FoamFile
{
    version     2.0;
    format      ascii;
    arch        "LSB;label=32;scalar=64";
    class       vectorField;
    location    "constant/polyMesh";
    object      points;
}
// * * * * * * * * * * * * * * * * * * * * * * * * * * * * * * * * * * * * * //


666
(
(0.036 0.017 -0.01)
(0.036 0.017 0)
(0.037 0.017 -0.01)
(0.037 0.017 0)
(0.036 0.018 -0.01)
(0.036 0.018 0)
(0.037 0.018 -0.01)
(0.037 0.018 0)
(0.036 0.019 -0.01)
(0.036 0.019 0)
(0.037 0.019 -0.01)
(0.037 0.019 0)
(0.036 0.02 -0.01)
(0.036 0.02 0)
(0.037 0.02 -0.01)
(0.037 0.02 0)
(0.036 0.0210001 -0.01)
(0.036 0.0210001 0)
(0.037 0.0210001 -0.01)
(0.037 0.0210001 0)
(0.036 0.0220009 -0.01)
(0.036 0.0220009 0)
(0.037 0.0220009 -0.01)
(0.037 0.0220009 0)
(0.036 0.0230046 -0.01)
(0.036 0.0230046 0)
(0.037 0.0230046 -0.01)
(0.037 0.0230046 0)
(0.038 0.017 -0.01)
(0.038 0.017 0)
(0.039 0.017 -0.01)
(0.039 0.017 0)
(0.04 0.017 -0.01)
(0.04 0.017 0)
(0.041 0.017 -0.01)
(0.041 0.017 0)
(0.038 0.018 -0.01)
(0.038 0.018 0)
(0.039 0.018 -0.01)
(0.039 0.018 0)
(0.038 0.019 -0.01)
(0.038 0.019 0)
(0.039 0.019 -0.01)
(0.039 0.019 0)
(0.04 0.018 -0.01)
(0.04 0.018 0)
(0.041 0.018 -0.01)
(0.041 0.018 0)
(0.04 0.019 -0.01)
(0.04 0.019 0)
(0.041 0.019 -0.01)
(0.041 0.019 0)
(0.042 0.018 -0.01)
(0.042 0.018 0)
(0.0430001 0.018 -0.01)
(0.0430001 0.018 0)
(0.042 0.019 -0.01)
(0.042 0.019 0)
(0.0430001 0.019 -0.01)
(0.0430001 0.019 0)
(0.0440004 0.018 -0.01)
(0.0440004 0.018 0)
(0.0450023 0.0180001 -0.01)
(0.0450023 0.0180001 0)
(0.0440004 0.019 -0.01)
(0.0440004 0.019 0)
(0.0450023 0.0189999 -0.01)
(0.0450023 0.0189999 0)
(0.038 0.02 -0.01)
(0.038 0.02 0)
(0.039 0.02 -0.01)
(0.039 0.02 0)
(0.038 0.0210001 -0.01)
(0.038 0.0210001 0)
(0.039 0.0210001 -0.01)
(0.039 0.0210001 0)
(0.04 0.02 -0.01)
(0.04 0.02 0)
(0.041 0.02 -0.01)
(0.041 0.02 0)
(0.04 0.0210001 -0.01)
(0.04 0.0210001 0)
(0.041 0.0210001 -0.01)
(0.041 0.0210001 0)
(0.038 0.0220009 -0.01)
(0.038 0.0220009 0)
(0.039 0.0220009 -0.01)
(0.039 0.0220009 0)
(0.038 0.0230046 -0.01)
(0.038 0.0230046 0)
(0.039 0.0230046 -0.01)
(0.039 0.0230046 0)
(0.04 0.0220009 -0.01)
(0.04 0.0220009 0)
(0.041 0.0220009 -0.01)
(0.041 0.0220009 0)
(0.04 0.0230046 -0.01)
(0.04 0.0230046 0)
(0.041 0.0230046 -0.01)
(0.041 0.0230046 0)
(0.042 0.02 -0.01)
(0.042 0.02 0)
(0.043 0.02 -0.01)
(0.043 0.02 0)
(0.042 0.0210001 -0.01)
(0.042 0.0210001 0)
(0.043 0.0210001 -0.01)
(0.043 0.0210001 0)
(0.0440004 0.02 -0.01)
(0.0440004 0.02 0)
(0.0450019 0.0199998 -0.01)
(0.0450019 0.0199998 0)
(0.0440002 0.0210001 -0.01)
(0.0440002 0.0210001 0)
(0.0450012 0.0209999 -0.01)
(0.0450012 0.0209999 0)
(0.042 0.0220009 -0.01)
(0.042 0.0220009 0)
(0.043 0.0220009 -0.01)
(0.043 0.0220009 0)
(0.042 0.0230046 -0.01)
(0.042 0.0230046 0)
(0.043 0.0230046 -0.01)
(0.043 0.0230046 0)
(0.0440001 0.0220009 -0.01)
(0.0440001 0.0220009 0)
(0.0450006 0.0220008 -0.01)
(0.0450006 0.0220008 0)
(0.044 0.0230046 -0.01)
(0.044 0.0230046 0)
(0.0450003 0.0230045 -0.01)
(0.0450003 0.0230045 0)
(0.036 0.0240172 -0.01)
(0.036 0.0240172 0)
(0.037 0.0240172 -0.01)
(0.037 0.0240172 0)
(0.036 0.0250489 -0.01)
(0.036 0.0250489 0)
(0.037 0.0250489 -0.01)
(0.037 0.0250489 0)
(0.036 0.0261051 -0.01)
(0.036 0.0261051 0)
(0.037 0.0261051 -0.01)
(0.037 0.0261051 0)
(0.036 0.027165 -0.01)
(0.036 0.027165 0)
(0.037 0.027165 -0.01)
(0.037 0.027165 0)
(0.036 0.0281789 -0.01)
(0.036 0.0281789 0)
(0.037 0.0281789 -0.01)
(0.037 0.0281789 0)
(0.036 0.0291166 -0.01)
(0.036 0.0291166 0)
(0.037 0.0291166 -0.01)
(0.037 0.0291166 0)
(0.038 0.0240172 -0.01)
(0.038 0.0240172 0)
(0.039 0.0240172 -0.01)
(0.039 0.0240172 0)
(0.038 0.0250489 -0.01)
(0.038 0.0250489 0)
(0.039 0.0250489 -0.01)
(0.039 0.0250489 0)
(0.04 0.0240172 -0.01)
(0.04 0.0240172 0)
(0.041 0.0240172 -0.01)
(0.041 0.0240172 0)
(0.04 0.0250489 -0.01)
(0.04 0.0250489 0)
(0.041 0.0250489 -0.01)
(0.041 0.0250489 0)
(0.038 0.0261051 -0.01)
(0.038 0.0261051 0)
(0.039 0.0261051 -0.01)
(0.039 0.0261051 0)
(0.038 0.027165 -0.01)
(0.038 0.027165 0)
(0.039 0.027165 -0.01)
(0.039 0.027165 0)
(0.04 0.0261051 -0.01)
(0.04 0.0261051 0)
(0.041 0.0261051 -0.01)
(0.041 0.0261051 0)
(0.04 0.027165 -0.01)
(0.04 0.027165 0)
(0.041 0.027165 -0.01)
(0.041 0.027165 0)
(0.042 0.0240172 -0.01)
(0.042 0.0240172 0)
(0.043 0.0240172 -0.01)
(0.043 0.0240172 0)
(0.042 0.0250489 -0.01)
(0.042 0.0250489 0)
(0.043 0.0250489 -0.01)
(0.043 0.0250489 0)
(0.044 0.0240172 -0.01)
(0.044 0.0240172 0)
(0.0450001 0.0240171 -0.01)
(0.0450001 0.0240171 0)
(0.044 0.0250489 -0.01)
(0.044 0.0250489 0)
(0.045 0.0250489 -0.01)
(0.045 0.0250489 0)
(0.042 0.0261051 -0.01)
(0.042 0.0261051 0)
(0.043 0.0261051 -0.01)
(0.043 0.0261051 0)
(0.042 0.027165 -0.01)
(0.042 0.027165 0)
(0.043 0.027165 -0.01)
(0.043 0.027165 0)
(0.044 0.0261051 -0.01)
(0.044 0.0261051 0)
(0.045 0.0261051 -0.01)
(0.045 0.0261051 0)
(0.044 0.027165 -0.01)
(0.044 0.027165 0)
(0.045 0.027165 -0.01)
(0.045 0.027165 0)
(0.038 0.0281789 -0.01)
(0.038 0.0281789 0)
(0.039 0.0281789 -0.01)
(0.039 0.0281789 0)
(0.038 0.0291166 -0.01)
(0.038 0.0291166 0)
(0.039 0.0291166 -0.01)
(0.039 0.0291166 0)
(0.04 0.0281789 -0.01)
(0.04 0.0281789 0)
(0.041 0.0281789 -0.01)
(0.041 0.0281789 0)
(0.04 0.0291166 -0.01)
(0.04 0.0291166 0)
(0.041 0.0291166 -0.01)
(0.041 0.0291166 0)
(0.042 0.0281789 -0.01)
(0.042 0.0281789 0)
(0.043 0.0281789 -0.01)
(0.043 0.0281789 0)
(0.042 0.0291166 -0.01)
(0.042 0.0291166 0)
(0.043 0.0291166 -0.01)
(0.043 0.0291166 0)
(0.044 0.0281789 -0.01)
(0.044 0.0281789 0)
(0.045 0.0281789 -0.01)
(0.045 0.0281789 0)
(0.044 0.0291166 -0.01)
(0.044 0.0291166 0)
(0.045 0.0291166 -0.01)
(0.045 0.0291166 0)
(0.0470226 0.0170034 -0.01)
(0.0470226 0.0170034 0)
(0.0480594 0.0170115 -0.01)
(0.0480594 0.0170115 0)
(0.0491292 0.0170331 -0.01)
(0.0491292 0.0170331 0)
(0.0460091 0.0180004 -0.01)
(0.0460091 0.0180004 0)
(0.0470292 0.0180017 -0.01)
(0.0470292 0.0180017 0)
(0.0460092 0.0189997 -0.01)
(0.0460092 0.0189997 0)
(0.0470301 0.018999 -0.01)
(0.0470301 0.018999 0)
(0.0480784 0.0180067 -0.01)
(0.0480784 0.0180067 0)
(0.0491782 0.0180226 -0.01)
(0.0491782 0.0180226 0)
(0.0480815 0.018998 -0.01)
(0.0480815 0.018998 0)
(0.0491889 0.0189993 -0.01)
(0.0491889 0.0189993 0)
(0.0502301 0.0170776 -0.01)
(0.0502301 0.0170776 0)
(0.0513111 0.0171239 -0.01)
(0.0513111 0.0171239 0)
(0.0522925 0.0170775 -0.01)
(0.0522925 0.0170775 0)
(0.0503551 0.0180653 -0.01)
(0.0503551 0.0180653 0)
(0.0516499 0.0182226 -0.01)
(0.0516499 0.0182226 0)
(0.0503904 0.0190133 -0.01)
(0.0503904 0.0190133 0)
(0.0518277 0.0190161 -0.01)
(0.0518277 0.0190161 0)
(0.052471 0.0178843 -0.01)
(0.052471 0.0178843 0)
(0.053289 0.0178907 -0.01)
(0.053289 0.0178907 0)
(0.0526437 0.0192576 -0.01)
(0.0526437 0.0192576 0)
(0.0531722 0.0193038 -0.01)
(0.0531722 0.0193038 0)
(0.0460075 0.0199992 -0.01)
(0.0460075 0.0199992 0)
(0.0470246 0.0199969 -0.01)
(0.0470246 0.0199969 0)
(0.0460049 0.0209992 -0.01)
(0.0460049 0.0209992 0)
(0.047016 0.0209965 -0.01)
(0.047016 0.0209965 0)
(0.0480667 0.0199907 -0.01)
(0.0480667 0.0199907 0)
(0.0491533 0.0199782 -0.01)
(0.0491533 0.0199782 0)
(0.0480432 0.020989 -0.01)
(0.0480432 0.020989 0)
(0.049097 0.0209719 -0.01)
(0.049097 0.0209719 0)
(0.0460025 0.0220002 -0.01)
(0.0460025 0.0220002 0)
(0.0470083 0.0219982 -0.01)
(0.0470083 0.0219982 0)
(0.046001 0.0230042 -0.01)
(0.046001 0.0230042 0)
(0.0470034 0.0230032 -0.01)
(0.0470034 0.0230032 0)
(0.0480222 0.0219926 -0.01)
(0.0480222 0.0219926 0)
(0.0490489 0.0219795 -0.01)
(0.0490489 0.0219795 0)
(0.0480092 0.0230002 -0.01)
(0.0480092 0.0230002 0)
(0.04902 0.0229932 -0.01)
(0.04902 0.0229932 0)
(0.0502999 0.0199571 -0.01)
(0.0502999 0.0199571 0)
(0.051475 0.0199397 -0.01)
(0.051475 0.0199397 0)
(0.0501798 0.0209417 -0.01)
(0.0501798 0.0209417 0)
(0.0512644 0.0209038 -0.01)
(0.0512644 0.0209038 0)
(0.0524943 0.019975 -0.01)
(0.0524943 0.019975 0)
(0.053482 0.0198208 -0.01)
(0.053482 0.0198208 0)
(0.0522996 0.020872 -0.01)
(0.0522996 0.020872 0)
(0.0532855 0.0208438 -0.01)
(0.0532855 0.0208438 0)
(0.0500879 0.0219559 -0.01)
(0.0500879 0.0219559 0)
(0.0511275 0.0219232 -0.01)
(0.0511275 0.0219232 0)
(0.0500358 0.0229805 -0.01)
(0.0500358 0.0229805 0)
(0.0510525 0.0229618 -0.01)
(0.0510525 0.0229618 0)
(0.0521511 0.0218896 -0.01)
(0.0521511 0.0218896 0)
(0.0531547 0.021864 -0.01)
(0.0531547 0.021864 0)
(0.0520655 0.0229399 -0.01)
(0.0520655 0.0229399 0)
(0.0530729 0.0229184 -0.01)
(0.0530729 0.0229184 0)
(0.054082 0.0170828 -0.01)
(0.054082 0.0170828 0)
(0.0550064 0.0171096 -0.01)
(0.0550064 0.0171096 0)
(0.0559972 0.0171132 -0.01)
(0.0559972 0.0171132 0)
(0.0570063 0.0170501 -0.01)
(0.0570063 0.0170501 0)
(0.0541022 0.0179456 -0.01)
(0.0541022 0.0179456 0)
(0.0549707 0.018014 -0.01)
(0.0549707 0.018014 0)
(0.0560548 0.0181288 -0.01)
(0.0560548 0.0181288 0)
(0.0570722 0.0178889 -0.01)
(0.0570722 0.0178889 0)
(0.0565623 0.0186322 -0.01)
(0.0565623 0.0186322 0)
(0.0572007 0.0185857 -0.01)
(0.0572007 0.0185857 0)
(0.0580305 0.0178739 -0.01)
(0.0580305 0.0178739 0)
(0.058075 0.0186203 -0.01)
(0.058075 0.0186203 0)
(0.0543616 0.0200464 -0.01)
(0.0543616 0.0200464 0)
(0.055127 0.0201729 -0.01)
(0.055127 0.0201729 0)
(0.0542354 0.0208878 -0.01)
(0.0542354 0.0208878 0)
(0.0551511 0.0209285 -0.01)
(0.0551511 0.0209285 0)
(0.0557102 0.0202143 -0.01)
(0.0557102 0.0202143 0)
(0.0561339 0.0207884 -0.01)
(0.0561339 0.0207884 0)
(0.0571893 0.0210643 -0.01)
(0.0571893 0.0210643 0)
(0.0541442 0.0218559 -0.01)
(0.0541442 0.0218559 0)
(0.0551277 0.0218488 -0.01)
(0.0551277 0.0218488 0)
(0.0540769 0.0228994 -0.01)
(0.0540769 0.0228994 0)
(0.0550806 0.0228823 -0.01)
(0.0550806 0.0228823 0)
(0.0561256 0.0218432 -0.01)
(0.0561256 0.0218432 0)
(0.0571279 0.0219113 -0.01)
(0.0571279 0.0219113 0)
(0.0560867 0.0228717 -0.01)
(0.0560867 0.0228717 0)
(0.057092 0.0228754 -0.01)
(0.057092 0.0228754 0)
(0.0580278 0.0212055 -0.01)
(0.0580278 0.0212055 0)
(0.0586377 0.021248 -0.01)
(0.0586377 0.021248 0)
(0.058081 0.021962 -0.01)
(0.058081 0.021962 0)
(0.0590819 0.0218266 -0.01)
(0.0590819 0.0218266 0)
(0.0580904 0.0228739 -0.01)
(0.0580904 0.0228739 0)
(0.0460003 0.024017 -0.01)
(0.0460003 0.024017 0)
(0.0470011 0.0240166 -0.01)
(0.0470011 0.0240166 0)
(0.0460001 0.0250489 -0.01)
(0.0460001 0.0250489 0)
(0.0470003 0.0250488 -0.01)
(0.0470003 0.0250488 0)
(0.0480031 0.0240154 -0.01)
(0.0480031 0.0240154 0)
(0.0490067 0.0240127 -0.01)
(0.0490067 0.0240127 0)
(0.0480008 0.0250484 -0.01)
(0.0480008 0.0250484 0)
(0.0490018 0.0250476 -0.01)
(0.0490018 0.0250476 0)
(0.046 0.0261051 -0.01)
(0.046 0.0261051 0)
(0.0470001 0.0261051 -0.01)
(0.0470001 0.0261051 0)
(0.046 0.027165 -0.01)
(0.046 0.027165 0)
(0.047 0.027165 -0.01)
(0.047 0.027165 0)
(0.0480002 0.026105 -0.01)
(0.0480002 0.026105 0)
(0.0490004 0.0261048 -0.01)
(0.0490004 0.0261048 0)
(0.048 0.027165 -0.01)
(0.048 0.027165 0)
(0.0490001 0.0271649 -0.01)
(0.0490001 0.0271649 0)
(0.0500121 0.0240075 -0.01)
(0.0500121 0.0240075 0)
(0.0510184 0.0239994 -0.01)
(0.0510184 0.0239994 0)
(0.0500033 0.0250459 -0.01)
(0.0500033 0.0250459 0)
(0.0510053 0.0250432 -0.01)
(0.0510053 0.0250432 0)
(0.0520242 0.0239889 -0.01)
(0.0520242 0.0239889 0)
(0.0530293 0.0239766 -0.01)
(0.0530293 0.0239766 0)
(0.0520074 0.0250393 -0.01)
(0.0520074 0.0250393 0)
(0.0530098 0.0250342 -0.01)
(0.0530098 0.0250342 0)
(0.0500007 0.0261044 -0.01)
(0.0500007 0.0261044 0)
(0.0510012 0.0261037 -0.01)
(0.0510012 0.0261037 0)
(0.0500001 0.0271649 -0.01)
(0.0500001 0.0271649 0)
(0.0510002 0.0271647 -0.01)
(0.0510002 0.0271647 0)
(0.0520018 0.0261026 -0.01)
(0.0520018 0.0261026 0)
(0.0530026 0.026101 -0.01)
(0.0530026 0.026101 0)
(0.0520003 0.0271645 -0.01)
(0.0520003 0.0271645 0)
(0.0530005 0.0271641 -0.01)
(0.0530005 0.0271641 0)
(0.046 0.0281789 -0.01)
(0.046 0.0281789 0)
(0.047 0.0281789 -0.01)
(0.047 0.0281789 0)
(0.046 0.0291166 -0.01)
(0.046 0.0291166 0)
(0.047 0.0291166 -0.01)
(0.047 0.0291166 0)
(0.048 0.0281789 -0.01)
(0.048 0.0281789 0)
(0.049 0.0281789 -0.01)
(0.049 0.0281789 0)
(0.048 0.0291166 -0.01)
(0.048 0.0291166 0)
(0.049 0.0291166 -0.01)
(0.049 0.0291166 0)
(0.05 0.0281789 -0.01)
(0.05 0.0281789 0)
(0.051 0.0281789 -0.01)
(0.051 0.0281789 0)
(0.05 0.0291166 -0.01)
(0.05 0.0291166 0)
(0.051 0.0291166 -0.01)
(0.051 0.0291166 0)
(0.0520001 0.0281788 -0.01)
(0.0520001 0.0281788 0)
(0.0530001 0.0281788 -0.01)
(0.0530001 0.0281788 0)
(0.052 0.0291166 -0.01)
(0.052 0.0291166 0)
(0.053 0.0291166 -0.01)
(0.053 0.0291166 0)
(0.0540344 0.0239629 -0.01)
(0.0540344 0.0239629 0)
(0.0550405 0.0239481 -0.01)
(0.0550405 0.0239481 0)
(0.0540126 0.0250276 -0.01)
(0.0540126 0.0250276 0)
(0.0550164 0.0250194 -0.01)
(0.0550164 0.0250194 0)
(0.056048 0.0239334 -0.01)
(0.056048 0.0239334 0)
(0.0570564 0.0239196 -0.01)
(0.0570564 0.0239196 0)
(0.0560213 0.0250095 -0.01)
(0.0560213 0.0250095 0)
(0.0570275 0.0249977 -0.01)
(0.0570275 0.0249977 0)
(0.0540037 0.0260987 -0.01)
(0.0540037 0.0260987 0)
(0.0550053 0.0260955 -0.01)
(0.0550053 0.0260955 0)
(0.0540009 0.0271635 -0.01)
(0.0540009 0.0271635 0)
(0.0550013 0.0271626 -0.01)
(0.0550013 0.0271626 0)
(0.0560075 0.0260911 -0.01)
(0.0560075 0.0260911 0)
(0.0570106 0.0260851 -0.01)
(0.0570106 0.0260851 0)
(0.0560021 0.0271612 -0.01)
(0.0560021 0.0271612 0)
(0.0570032 0.0271591 -0.01)
(0.0570032 0.0271591 0)
(0.0580653 0.0239052 -0.01)
(0.0580653 0.0239052 0)
(0.0580354 0.0249836 -0.01)
(0.0580354 0.0249836 0)
(0.058015 0.026077 -0.01)
(0.058015 0.026077 0)
(0.058005 0.0271558 -0.01)
(0.058005 0.0271558 0)
(0.0540001 0.0281786 -0.01)
(0.0540001 0.0281786 0)
(0.0550002 0.0281784 -0.01)
(0.0550002 0.0281784 0)
(0.054 0.0291166 -0.01)
(0.054 0.0291166 0)
(0.055 0.0291165 -0.01)
(0.055 0.0291165 0)
(0.0560004 0.0281781 -0.01)
(0.0560004 0.0281781 0)
(0.0570007 0.0281775 -0.01)
(0.0570007 0.0281775 0)
(0.0560001 0.0291165 -0.01)
(0.0560001 0.0291165 0)
(0.0570001 0.0291163 -0.01)
(0.0570001 0.0291163 0)
(0.0580013 0.0281765 -0.01)
(0.0580013 0.0281765 0)
(0.0580002 0.0291161 -0.01)
(0.0580002 0.0291161 0)
(0.036 0.03 -0.01)
(0.036 0.03 0)
(0.037 0.03 -0.01)
(0.037 0.03 0)
(0.038 0.03 -0.01)
(0.038 0.03 0)
(0.039 0.03 -0.01)
(0.039 0.03 0)
(0.04 0.03 -0.01)
(0.04 0.03 0)
(0.041 0.03 -0.01)
(0.041 0.03 0)
(0.042 0.03 -0.01)
(0.042 0.03 0)
(0.043 0.03 -0.01)
(0.043 0.03 0)
(0.044 0.03 -0.01)
(0.044 0.03 0)
(0.045 0.03 -0.01)
(0.045 0.03 0)
(0.046 0.03 -0.01)
(0.046 0.03 0)
(0.047 0.03 -0.01)
(0.047 0.03 0)
(0.048 0.03 -0.01)
(0.048 0.03 0)
(0.049 0.03 -0.01)
(0.049 0.03 0)
(0.05 0.03 -0.01)
(0.05 0.03 0)
(0.051 0.03 -0.01)
(0.051 0.03 0)
(0.052 0.03 -0.01)
(0.052 0.03 0)
(0.053 0.03 -0.01)
(0.053 0.03 0)
(0.054 0.03 -0.01)
(0.054 0.03 0)
(0.055 0.03 -0.01)
(0.055 0.03 0)
(0.056 0.03 -0.01)
(0.056 0.03 0)
(0.057 0.03 -0.01)
(0.057 0.03 0)
(0.058 0.03 -0.01)
(0.058 0.03 0)
(0.052 0.01843 -0.01)
(0.052 0.01843 0)
(0.052438 0.0185846 -0.01)
(0.052438 0.0185846 0)
(0.0526786 0.0185269 -0.01)
(0.0526786 0.0185269 0)
(0.053372 0.018626 -0.01)
(0.053372 0.018626 0)
(0.0528674 0.0187361 -0.01)
(0.0528674 0.0187361 0)
(0.0534015 0.0189246 -0.01)
(0.0534015 0.0189246 0)
(0.0539083 0.0191035 -0.01)
(0.0539083 0.0191035 0)
(0.0540895 0.0187285 -0.01)
(0.0540895 0.0187285 0)
(0.0548312 0.0188345 -0.01)
(0.0548312 0.0188345 0)
(0.0556217 0.0189474 -0.01)
(0.0556217 0.0189474 0)
(0.0564163 0.0190609 -0.01)
(0.0564163 0.0190609 0)
(0.0572736 0.0191834 -0.01)
(0.0572736 0.0191834 0)
(0.0581101 0.0193029 -0.01)
(0.0581101 0.0193029 0)
(0.0545619 0.0193342 -0.01)
(0.0545619 0.0193342 0)
(0.0551691 0.0195485 -0.01)
(0.0551691 0.0195485 0)
(0.0559052 0.0198083 -0.01)
(0.0559052 0.0198083 0)
(0.0565802 0.0200465 -0.01)
(0.0565802 0.0200465 0)
(0.0573511 0.0203186 -0.01)
(0.0573511 0.0203186 0)
(0.0580528 0.0205663 -0.01)
(0.0580528 0.0205663 0)
(0.0588303 0.0208407 -0.01)
(0.0588303 0.0208407 0)
)


// ************************************************************************* //
