/*--------------------------------*- C++ -*----------------------------------*\
| =========                 |                                                 |
| \\      /  F ield         | OpenFOAM: The Open Source CFD Toolbox           |
|  \\    /   O peration     | Version:  2306                                  |
|   \\  /    A nd           | Website:  www.openfoam.com                      |
|    \\/     M anipulation  |                                                 |
\*---------------------------------------------------------------------------*/
FoamFile
{
    version     2.0;
    format      ascii;
    arch        "LSB;label=32;scalar=64";
    class       labelList;
    location    "constant/polyMesh";
    object      faceProcAddressing;
}
// * * * * * * * * * * * * * * * * * * * * * * * * * * * * * * * * * * * * * //


1322
(
178
179
180
181
182
183
184
185
186
187
188
189
190
191
192
193
194
195
196
197
198
199
200
201
202
203
204
205
206
207
208
209
210
211
212
213
214
215
216
217
218
219
220
221
222
223
224
225
226
227
228
229
230
231
232
233
234
235
236
237
238
239
240
241
242
243
244
245
246
247
248
249
250
251
252
253
254
255
256
257
258
259
260
261
262
263
264
265
266
267
268
269
270
271
272
273
274
275
276
277
278
279
280
281
282
283
284
285
286
287
288
289
290
291
292
293
294
295
296
297
298
299
300
301
302
303
304
305
306
307
308
309
310
311
312
313
314
315
356
357
358
359
360
361
362
363
364
365
366
367
368
369
370
371
372
373
374
375
376
377
378
379
380
381
382
383
384
385
386
387
388
389
390
391
392
393
394
395
396
397
398
399
400
401
402
403
404
405
406
407
408
409
410
411
412
413
414
415
416
417
418
419
420
421
422
424
825
826
827
828
829
830
831
832
833
834
835
836
837
838
839
840
841
842
843
844
845
846
847
848
849
850
851
852
853
854
855
856
857
858
859
860
861
862
863
864
865
866
867
868
869
870
871
872
873
874
875
876
877
878
879
880
881
882
883
884
885
886
887
888
889
890
891
892
893
894
895
896
897
898
899
900
901
902
903
904
905
906
907
908
909
910
911
912
913
914
915
916
917
918
919
920
921
922
923
924
925
926
927
928
929
930
931
932
933
934
935
936
937
938
939
940
941
942
943
944
945
946
947
948
949
950
951
952
953
954
955
956
957
958
959
960
961
962
963
964
965
966
967
968
969
970
971
972
973
974
975
976
977
978
979
980
981
982
983
984
985
986
987
988
989
990
991
992
993
994
995
996
997
998
999
1000
1001
1002
1003
1004
1005
1006
1007
1008
1009
1010
1011
1012
1013
1014
1015
1016
1017
1018
1019
1020
1021
1022
1023
1024
1025
1026
1027
1028
1029
1030
1031
1032
1033
1034
1035
1036
1037
1038
1039
1040
1041
1042
1043
1044
1045
1046
1047
1048
1049
1050
1051
1052
1053
1054
1055
1056
1057
1058
1060
1082
1083
1084
1085
1086
1088
1094
1095
1096
1097
1098
1100
1234
1325
1327
1329
1330
1331
1332
1333
1334
1335
1336
1337
1338
1339
1340
1341
1342
1343
1344
1345
1346
1347
1348
1349
1350
1351
1352
1353
1354
1355
1356
1357
1358
1359
1360
1361
1362
1363
1364
1365
1366
1367
1368
1369
1370
1371
1372
1373
1374
1375
1376
1377
1378
1379
1380
1381
1382
1383
1384
1385
1386
1387
1388
1391
1426
1428
1442
1444
1450
1452
1474
1476
1482
1484
1506
1508
1514
1516
1538
1540
1546
1548
1570
1572
1578
1580
1600
1601
1602
1604
1607
4140
4141
4142
4143
4144
4145
4152
4153
4155
4213
4214
4215
4216
4217
4218
4219
4220
4221
4222
4223
4224
4225
4226
4227
4228
4229
4230
4231
4232
4233
4234
4235
4236
4237
4238
4239
4240
4241
4242
4243
4245
4256
4258
4259
4260
4261
4262
4263
4264
4265
4266
4267
4268
4269
4270
4271
4272
4273
4274
4275
4276
4277
4278
4279
4280
4281
4282
4283
4284
4285
4286
4287
4288
4289
4290
4291
4300
4301
4302
4303
4304
4305
4306
4307
4308
4309
4310
4311
4312
4313
4314
4315
4316
4317
4318
4319
4320
4321
4322
4323
4324
4325
4326
4327
4328
4329
4330
4331
4332
4461
4462
4463
4464
4471
4472
4530
4531
4532
4533
4534
4535
4536
4537
4538
4539
4540
4541
4542
4543
4544
4545
4546
4547
4548
4549
4550
4551
4552
4553
4554
4555
4556
4557
4558
4559
4560
4571
4573
4574
4575
4576
4577
4578
4579
4580
4581
4582
4583
4584
4585
4586
4587
4588
4589
4590
4591
4592
4593
4594
4595
4596
4597
4598
4599
4600
4601
4602
4603
4604
4605
4614
4615
4616
4617
4618
4619
4620
4621
4622
4623
4624
4625
4626
4627
4628
4629
4630
4631
4632
4633
4634
4635
4636
4637
4638
4639
4640
4641
4642
4643
4644
4645
5861
5865
5867
5868
5897
5898
5900
6023
6026
6028
6029
6031
6033
6037
6041
6043
6045
6047
6049
6067
6070
6072
6074
6075
6076
6093
6095
6097
6098
6100
6102
6104
6105
6126
6128
6133
6135
6136
6137
6139
6140
6142
6143
6145
6165
6167
6173
6175
6195
6197
6203
6205
6206
6208
6209
6211
6212
6213
6215
6216
6218
6219
6221
6223
6224
6226
6228
6230
6232
6234
6236
6238
6240
6242
6243
6245
6246
6248
6250
6252
6254
6256
6258
6260
6262
6264
6266
6267
6268
6270
6272
6273
6274
6276
6277
6279
6280
6282
6284
6286
6287
6289
6291
6293
6295
6296
6298
6300
6302
6303
6305
6307
6309
6311
6313
6315
6317
6319
6320
6322
6323
6325
6327
6329
6330
6332
6334
6335
6337
6339
6340
6342
6343
6364
6366
6372
6374
6396
6398
6404
6406
6408
6409
6411
6412
6414
6415
6417
6418
6439
6441
6447
6448
6450
6451
6453
6454
6456
6458
6460
6462
6464
6466
6468
6470
6472
6474
6476
6478
6480
6482
6484
6486
6488
6490
6491
6493
6495
6497
6498
6500
6502
6504
6505
6507
6509
6510
6512
6513
6515
6517
6519
6521
6523
6524
6526
6528
6529
6531
6533
6534
6536
6537
6539
6540
6544
6545
6546
6589
6590
6591
6592
6599
6600
6658
6659
6660
6661
6662
6663
6664
6665
6666
6667
6668
6669
6670
6671
6672
6673
6674
6675
6676
6677
6678
6679
6680
6681
6682
6683
6684
6685
6686
6687
6688
6699
6701
6702
6703
6704
6705
6706
6707
6708
6709
6710
6711
6712
6713
6714
6715
6716
6717
6718
6719
6720
6721
6722
6723
6724
6725
6726
6727
6728
6729
6730
6731
6732
6733
6742
6743
6744
6745
6746
6747
6748
6749
6750
6751
6752
6753
6754
6755
6756
6757
6758
6759
6760
6761
6762
6763
6764
6765
6766
6767
6768
6769
6770
6771
6772
6773
7990
7994
7995
7997
8026
8027
8029
8152
8155
8157
8158
8160
8162
8166
8170
8172
8174
8176
8178
8196
8198
8200
8202
8204
8205
8222
8224
8225
8227
8229
8231
8232
8234
8255
8257
8262
8263
8265
8266
8267
8269
8270
8272
8273
8294
8295
8301
8303
8323
8325
8331
8333
8335
8336
8338
8339
8341
8342
8343
8345
8346
8348
8350
8351
8353
8355
8357
8359
8361
8363
8365
8367
8369
8370
8372
8374
8375
8377
8378
8380
8382
8384
8386
8388
8390
8392
8394
8396
8397
8399
8400
8402
8403
8405
8406
8407
8409
8411
8413
8414
8416
8418
8420
8421
8423
8425
8427
8428
8430
8432
8434
8436
8438
8440
8442
8444
8445
8447
8449
8450
8452
8454
8456
8457
8459
8461
8463
8464
8465
8467
8469
8470
8472
8493
8495
8501
8503
8525
8527
8533
8535
8536
8538
8539
8541
8542
8544
8545
8547
8568
8570
8575
8577
8578
8580
8581
8582
8584
8586
8588
8590
8592
8594
8596
8598
8600
8602
8604
8606
8608
8610
8612
8614
8616
8618
8620
8621
8623
8625
8627
8628
8630
8632
8634
8635
8637
8639
8640
8642
8644
8645
8647
8649
8651
8653
8655
8656
8658
8660
8661
8663
8664
8666
8667
8668
8672
8673
8674
423
1326
1328
1389
1390
-1424
1427
-1440
1443
-1447
1451
-1472
1475
-1479
1483
-1504
1507
-1511
1515
-1536
1539
-1543
1547
-1568
1571
-1575
1579
-1582
-1598
1603
1605
1606
-1623
1625
-176
316
317
-354
-823
1059
-1080
1087
-1091
1099
-1232
1235
-1323
)


// ************************************************************************* //
