/*--------------------------------*- C++ -*----------------------------------*\
| =========                 |                                                 |
| \\      /  F ield         | OpenFOAM: The Open Source CFD Toolbox           |
|  \\    /   O peration     | Version:  2306                                  |
|   \\  /    A nd           | Website:  www.openfoam.com                      |
|    \\/     M anipulation  |                                                 |
\*---------------------------------------------------------------------------*/
FoamFile
{
    version     2.0;
    format      ascii;
    arch        "LSB;label=32;scalar=64";
    class       faceList;
    location    "constant/polyMesh";
    object      faces;
}
// * * * * * * * * * * * * * * * * * * * * * * * * * * * * * * * * * * * * * //


1322
(
4(77 76 578 579)
4(74 76 77 75)
4(83 82 580 581)
4(76 82 83 77)
4(85 84 582 583)
4(82 84 85 83)
4(261 260 584 585)
4(84 260 261 85)
4(263 262 586 587)
4(260 262 263 261)
4(269 268 588 589)
4(262 268 269 263)
4(271 270 590 591)
4(268 270 271 269)
4(277 276 592 593)
4(270 276 277 271)
4(279 278 594 595)
4(276 278 279 277)
4(285 284 596 597)
4(278 284 285 279)
4(287 286 598 599)
4(284 286 287 285)
4(341 340 600 601)
4(286 340 341 287)
4(343 342 602 603)
4(340 342 343 341)
4(349 348 604 605)
4(342 348 349 343)
4(351 350 606 607)
4(348 350 351 349)
4(357 356 608 609)
4(350 356 357 351)
4(359 358 610 611)
4(356 358 359 357)
4(365 364 612 613)
4(358 364 365 359)
4(367 366 614 615)
4(364 366 367 365)
4(493 492 616 617)
4(366 492 493 367)
4(495 494 618 619)
4(492 494 495 493)
4(501 500 620 621)
4(494 500 501 495)
4(503 502 622 623)
4(500 502 503 501)
4(509 508 624 625)
4(502 508 509 503)
4(511 510 626 627)
4(508 510 511 509)
4(517 516 628 629)
4(510 516 517 511)
4(519 518 630 631)
4(516 518 519 517)
4(549 548 632 633)
4(518 548 549 519)
4(551 550 634 635)
4(548 550 551 549)
4(557 556 636 637)
4(550 556 557 551)
4(559 558 568 569)
4(556 558 559 557)
4(558 638 639 559)
4(554 566 567 555)
4(554 555 559 558)
4(542 564 565 543)
4(542 543 555 554)
4(538 562 563 539)
4(538 539 543 542)
4(527 526 774 775)
4(526 527 539 538)
4(526 560 561 527)
4(524 772 773 525)
4(524 525 527 526)
4(522 770 771 523)
4(522 523 525 524)
4(520 768 769 521)
4(520 521 523 522)
4(470 766 767 471)
4(470 471 521 520)
4(468 764 765 469)
4(468 469 471 470)
4(466 762 763 467)
4(466 467 469 468)
4(464 760 761 465)
4(464 465 467 466)
4(446 758 759 447)
4(446 447 465 464)
4(444 756 757 445)
4(444 445 447 446)
4(442 754 755 443)
4(442 443 445 444)
4(440 752 753 441)
4(440 441 443 442)
4(318 726 727 319)
4(318 319 441 440)
4(316 724 725 317)
4(316 317 319 318)
4(314 722 723 315)
4(314 315 317 316)
4(312 720 721 313)
4(312 313 315 314)
4(294 718 719 295)
4(294 295 313 312)
4(292 716 717 293)
4(292 293 295 294)
4(290 714 715 291)
4(290 291 293 292)
4(288 712 713 289)
4(288 289 291 290)
4(238 710 711 239)
4(238 239 289 288)
4(236 708 709 237)
4(236 237 239 238)
4(234 706 707 235)
4(234 235 237 236)
4(231 230 704 705)
4(230 231 235 234)
4(228 702 703 229)
4(228 229 231 230)
4(206 700 701 207)
4(206 207 229 228)
4(204 698 699 205)
4(204 205 207 206)
4(139 138 672 673)
4(138 139 205 204)
4(136 670 671 137)
4(136 137 139 138)
4(134 668 669 135)
4(134 135 137 136)
4(133 132 666 667)
4(132 133 135 134)
4(32 654 655 33)
4(32 33 133 132)
4(30 652 653 31)
4(30 31 33 32)
4(24 650 651 25)
4(24 25 31 30)
4(11 10 642 643)
4(8 10 11 9)
4(17 16 644 645)
4(10 16 17 11)
4(19 18 646 647)
4(16 18 19 17)
4(99 98 656 657)
4(18 98 99 19)
4(101 100 658 659)
4(98 100 101 99)
4(127 126 660 661)
4(100 126 127 101)
4(129 128 662 663)
4(126 128 129 127)
4(131 130 664 665)
4(128 130 131 129)
4(141 140 674 675)
4(130 140 141 131)
4(143 142 676 677)
4(140 142 143 141)
4(145 144 678 679)
4(142 144 145 143)
4(147 146 680 681)
4(144 146 147 145)
4(181 180 682 683)
4(146 180 181 147)
4(183 182 684 685)
4(180 182 183 181)
4(185 184 686 687)
4(182 184 185 183)
4(187 186 688 689)
4(184 186 187 185)
4(189 188 690 691)
4(186 188 189 187)
4(191 190 692 693)
4(188 190 191 189)
4(193 192 694 695)
4(190 192 193 191)
4(195 194 696 697)
4(192 194 195 193)
4(401 400 728 729)
4(194 400 401 195)
4(403 402 730 731)
4(400 402 403 401)
4(405 404 732 733)
4(402 404 405 403)
4(407 406 734 735)
4(404 406 407 405)
4(409 408 736 737)
4(406 408 409 407)
4(411 410 738 739)
4(408 410 411 409)
4(413 412 740 741)
4(410 412 413 411)
4(415 414 742 743)
4(412 414 415 413)
4(433 432 744 745)
4(414 432 433 415)
4(435 434 746 747)
4(432 434 435 433)
4(437 436 748 749)
4(434 436 437 435)
4(439 438 574 575)
4(436 438 439 437)
4(438 750 751 439)
4(430 572 573 431)
4(430 431 439 438)
4(426 427 431 430)
4(72 76 77 73)
4(70 72 73 71)
4(78 82 83 79)
4(72 78 79 73)
4(80 84 85 81)
4(78 80 81 79)
4(256 260 261 257)
4(80 256 257 81)
4(258 262 263 259)
4(256 258 259 257)
4(264 268 269 265)
4(258 264 265 259)
4(266 270 271 267)
4(264 266 267 265)
4(272 276 277 273)
4(266 272 273 267)
4(274 278 279 275)
4(272 274 275 273)
4(280 284 285 281)
4(274 280 281 275)
4(282 286 287 283)
4(280 282 283 281)
4(336 340 341 337)
4(282 336 337 283)
4(338 342 343 339)
4(336 338 339 337)
4(344 348 349 345)
4(338 344 345 339)
4(346 350 351 347)
4(344 346 347 345)
4(352 356 357 353)
4(346 352 353 347)
4(354 358 359 355)
4(352 354 355 353)
4(360 364 365 361)
4(354 360 361 355)
4(362 366 367 363)
4(360 362 363 361)
4(488 492 493 489)
4(362 488 489 363)
4(490 494 495 491)
4(488 490 491 489)
4(496 500 501 497)
4(490 496 497 491)
4(498 502 503 499)
4(496 498 499 497)
4(504 508 509 505)
4(498 504 505 499)
4(506 510 511 507)
4(504 506 507 505)
4(512 516 517 513)
4(506 512 513 507)
4(514 518 519 515)
4(512 514 515 513)
4(544 548 549 545)
4(514 544 545 515)
4(546 550 551 547)
4(544 546 547 545)
4(552 556 557 553)
4(546 552 553 547)
4(552 554 555 553)
4(540 541 553 552)
4(540 542 543 541)
4(534 535 547 546)
4(534 540 541 535)
4(532 533 545 544)
4(532 534 535 533)
4(486 532 533 487)
4(486 487 515 514)
4(528 532 533 529)
4(482 528 529 483)
4(482 483 487 486)
4(530 534 535 531)
4(528 530 531 529)
4(536 540 541 537)
4(530 536 537 531)
4(536 538 539 537)
4(524 525 537 536)
4(522 523 531 530)
4(520 521 529 528)
4(470 471 483 482)
4(480 481 483 482)
4(468 469 481 480)
4(484 485 487 486)
4(480 481 485 484)
4(484 485 513 512)
4(478 479 507 506)
4(478 484 485 479)
4(476 477 505 504)
4(476 478 479 477)
4(462 463 499 498)
4(462 476 477 463)
4(460 461 497 496)
4(460 462 463 461)
4(454 455 491 490)
4(454 460 461 455)
4(452 453 489 488)
4(452 454 455 453)
4(334 452 453 335)
4(334 335 363 362)
4(448 452 453 449)
4(330 448 449 331)
4(330 331 335 334)
4(450 454 455 451)
4(448 450 451 449)
4(456 460 461 457)
4(450 456 457 451)
4(458 462 463 459)
4(456 458 459 457)
4(472 476 477 473)
4(458 472 473 459)
4(474 478 479 475)
4(472 474 475 473)
4(474 480 481 475)
4(466 467 475 474)
4(464 465 473 472)
4(446 447 459 458)
4(444 445 457 456)
4(442 443 451 450)
4(440 441 449 448)
4(318 319 331 330)
4(328 329 331 330)
4(316 317 329 328)
4(332 333 335 334)
4(328 329 333 332)
4(332 333 361 360)
4(326 327 355 354)
4(326 332 333 327)
4(324 325 353 352)
4(324 326 327 325)
4(310 311 347 346)
4(310 324 325 311)
4(308 309 345 344)
4(308 310 311 309)
4(302 303 339 338)
4(302 308 309 303)
4(300 301 337 336)
4(300 302 303 301)
4(254 300 301 255)
4(254 255 283 282)
4(296 300 301 297)
4(250 296 297 251)
4(250 251 255 254)
4(298 302 303 299)
4(296 298 299 297)
4(304 308 309 305)
4(298 304 305 299)
4(306 310 311 307)
4(304 306 307 305)
4(320 324 325 321)
4(306 320 321 307)
4(322 326 327 323)
4(320 322 323 321)
4(322 328 329 323)
4(314 315 323 322)
4(312 313 321 320)
4(294 295 307 306)
4(292 293 305 304)
4(290 291 299 298)
4(288 289 297 296)
4(238 239 251 250)
4(248 249 251 250)
4(236 237 249 248)
4(252 253 255 254)
4(248 249 253 252)
4(252 253 281 280)
4(246 247 275 274)
4(246 252 253 247)
4(244 245 273 272)
4(244 246 247 245)
4(226 227 267 266)
4(226 244 245 227)
4(224 225 265 264)
4(224 226 227 225)
4(218 219 259 258)
4(218 224 225 219)
4(216 217 257 256)
4(216 218 219 217)
4(68 216 217 69)
4(68 69 81 80)
4(212 216 217 213)
4(64 212 213 65)
4(64 65 69 68)
4(214 218 219 215)
4(212 214 215 213)
4(220 224 225 221)
4(214 220 221 215)
4(222 226 227 223)
4(220 222 223 221)
4(240 244 245 241)
4(222 240 241 223)
4(242 246 247 243)
4(240 242 243 241)
4(242 248 249 243)
4(234 235 243 242)
4(232 233 241 240)
4(232 234 235 233)
4(210 232 233 211)
4(210 211 223 222)
4(228 232 233 229)
4(206 207 211 210)
4(208 209 211 210)
4(204 205 209 208)
4(208 209 221 220)
4(202 203 215 214)
4(202 208 209 203)
4(200 201 213 212)
4(200 202 203 201)
4(52 200 201 53)
4(52 53 65 64)
4(196 200 201 197)
4(48 196 197 49)
4(48 49 53 52)
4(198 202 203 199)
4(196 198 199 197)
4(198 204 205 199)
4(136 137 199 198)
4(134 135 197 196)
4(36 134 135 37)
4(36 37 49 48)
4(32 33 37 36)
4(34 35 37 36)
4(30 31 35 34)
4(46 47 49 48)
4(34 35 47 46)
4(50 51 53 52)
4(46 47 51 50)
4(62 63 65 64)
4(50 51 63 62)
4(66 67 69 68)
4(62 63 67 66)
4(66 67 79 78)
4(60 61 73 72)
4(60 66 67 61)
4(58 60 61 59)
4(56 60 61 57)
4(54 56 57 55)
4(56 62 63 57)
4(44 45 57 56)
4(44 50 51 45)
4(42 44 45 43)
4(40 44 45 41)
4(38 40 41 39)
4(40 46 47 41)
4(28 29 41 40)
4(28 34 35 29)
4(26 28 29 27)
4(24 28 29 25)
4(6 10 11 7)
4(12 16 17 13)
4(14 18 19 15)
4(12 14 15 13)
4(94 98 99 95)
4(14 94 95 15)
4(96 100 101 97)
4(94 96 97 95)
4(100 101 107 106)
4(102 106 107 103)
4(96 102 103 97)
4(106 128 129 107)
4(108 130 131 109)
4(106 108 109 107)
4(114 140 141 115)
4(108 114 115 109)
4(116 142 143 117)
4(114 116 117 115)
4(122 144 145 123)
4(116 122 123 117)
4(124 146 147 125)
4(122 124 125 123)
4(152 180 181 153)
4(124 152 153 125)
4(154 182 183 155)
4(152 154 155 153)
4(160 184 185 161)
4(154 160 161 155)
4(162 186 187 163)
4(160 162 163 161)
4(168 188 189 169)
4(162 168 169 163)
4(170 190 191 171)
4(168 170 171 169)
4(176 192 193 177)
4(170 176 177 171)
4(178 194 195 179)
4(176 178 179 177)
4(372 400 401 373)
4(178 372 373 179)
4(374 402 403 375)
4(372 374 375 373)
4(380 404 405 381)
4(374 380 381 375)
4(382 406 407 383)
4(380 382 383 381)
4(388 408 409 389)
4(382 388 389 383)
4(390 410 411 391)
4(388 390 391 389)
4(396 412 413 397)
4(390 396 397 391)
4(398 414 415 399)
4(396 398 399 397)
4(420 432 433 421)
4(398 420 421 399)
4(422 434 435 423)
4(420 422 423 421)
4(428 436 437 429)
4(422 428 429 423)
4(428 430 431 429)
4(424 425 429 428)
4(418 419 423 422)
4(416 417 421 420)
4(394 395 399 398)
4(392 393 397 396)
4(386 387 391 390)
4(384 385 389 388)
4(378 379 383 382)
4(376 377 381 380)
4(370 371 375 374)
4(368 369 373 372)
4(174 175 179 178)
4(172 173 177 176)
4(166 167 171 170)
4(164 165 169 168)
4(158 159 163 162)
4(156 157 161 160)
4(150 151 155 154)
4(148 149 153 152)
4(120 121 125 124)
4(118 119 123 122)
4(112 113 117 116)
4(110 111 115 114)
4(104 105 109 108)
4(102 103 105 104)
4(90 91 103 102)
4(88 89 97 96)
4(86 87 95 94)
4(2 3 15 14)
4(774 562 563 775)
4(562 564 565 563)
4(564 566 567 565)
4(566 638 639 567)
4(775 779 778 774)
4(638 780 781 639)
4(570 572 573 571)
4(572 750 751 573)
4(750 776 777 751)
4(576 577 579 578)
4(578 579 581 580)
4(580 581 583 582)
4(582 583 585 584)
4(584 585 587 586)
4(586 587 589 588)
4(588 589 591 590)
4(590 591 593 592)
4(592 593 595 594)
4(594 595 597 596)
4(596 597 599 598)
4(598 599 601 600)
4(600 601 603 602)
4(602 603 605 604)
4(604 605 607 606)
4(606 607 609 608)
4(608 609 611 610)
4(610 611 613 612)
4(612 613 615 614)
4(614 615 617 616)
4(616 617 619 618)
4(618 619 621 620)
4(620 621 623 622)
4(622 623 625 624)
4(624 625 627 626)
4(626 627 629 628)
4(628 629 631 630)
4(630 631 633 632)
4(632 633 635 634)
4(634 635 637 636)
4(636 637 569 568)
4(569 781 780 568)
4(648 650 651 649)
4(650 652 653 651)
4(652 654 655 653)
4(666 668 669 667)
4(654 666 667 655)
4(668 670 671 669)
4(672 698 699 673)
4(670 672 673 671)
4(698 700 701 699)
4(700 702 703 701)
4(704 706 707 705)
4(702 704 705 703)
4(706 708 709 707)
4(708 710 711 709)
4(710 712 713 711)
4(712 714 715 713)
4(714 716 717 715)
4(716 718 719 717)
4(718 720 721 719)
4(720 722 723 721)
4(722 724 725 723)
4(724 726 727 725)
4(726 752 753 727)
4(752 754 755 753)
4(754 756 757 755)
4(756 758 759 757)
4(758 760 761 759)
4(760 762 763 761)
4(762 764 765 763)
4(764 766 767 765)
4(766 768 769 767)
4(768 770 771 769)
4(770 772 773 771)
4(772 560 561 773)
4(560 778 779 561)
4(640 641 643 642)
4(642 643 645 644)
4(644 645 647 646)
4(646 647 657 656)
4(656 657 659 658)
4(658 659 661 660)
4(660 661 663 662)
4(662 663 665 664)
4(664 665 675 674)
4(674 675 677 676)
4(676 677 679 678)
4(678 679 681 680)
4(680 681 683 682)
4(682 683 685 684)
4(684 685 687 686)
4(686 687 689 688)
4(688 689 691 690)
4(690 691 693 692)
4(692 693 695 694)
4(694 695 697 696)
4(696 697 729 728)
4(728 729 731 730)
4(730 731 733 732)
4(732 733 735 734)
4(734 735 737 736)
4(736 737 739 738)
4(738 739 741 740)
4(740 741 743 742)
4(742 743 745 744)
4(744 745 747 746)
4(746 747 749 748)
4(748 749 575 574)
4(575 777 776 574)
4(526 538 562 774)
4(538 542 564 562)
4(542 554 566 564)
4(554 558 638 566)
4(426 430 572 570)
4(430 438 750 572)
4(76 74 576 578)
4(82 76 578 580)
4(84 82 580 582)
4(260 84 582 584)
4(262 260 584 586)
4(268 262 586 588)
4(270 268 588 590)
4(276 270 590 592)
4(278 276 592 594)
4(284 278 594 596)
4(286 284 596 598)
4(340 286 598 600)
4(342 340 600 602)
4(348 342 602 604)
4(350 348 604 606)
4(356 350 606 608)
4(358 356 608 610)
4(364 358 610 612)
4(366 364 612 614)
4(492 366 614 616)
4(494 492 616 618)
4(500 494 618 620)
4(502 500 620 622)
4(508 502 622 624)
4(510 508 624 626)
4(516 510 626 628)
4(518 516 628 630)
4(548 518 630 632)
4(550 548 632 634)
4(556 550 634 636)
4(558 556 636 568)
4(20 24 650 648)
4(24 30 652 650)
4(30 32 654 652)
4(132 134 668 666)
4(32 132 666 654)
4(134 136 670 668)
4(138 204 698 672)
4(136 138 672 670)
4(204 206 700 698)
4(206 228 702 700)
4(230 234 706 704)
4(228 230 704 702)
4(234 236 708 706)
4(236 238 710 708)
4(238 288 712 710)
4(288 290 714 712)
4(290 292 716 714)
4(292 294 718 716)
4(294 312 720 718)
4(312 314 722 720)
4(314 316 724 722)
4(316 318 726 724)
4(318 440 752 726)
4(440 442 754 752)
4(442 444 756 754)
4(444 446 758 756)
4(446 464 760 758)
4(464 466 762 760)
4(466 468 764 762)
4(468 470 766 764)
4(470 520 768 766)
4(520 522 770 768)
4(522 524 772 770)
4(524 526 560 772)
4(10 8 640 642)
4(16 10 642 644)
4(18 16 644 646)
4(98 18 646 656)
4(100 98 656 658)
4(126 100 658 660)
4(128 126 660 662)
4(130 128 662 664)
4(140 130 664 674)
4(142 140 674 676)
4(144 142 676 678)
4(146 144 678 680)
4(180 146 680 682)
4(182 180 682 684)
4(184 182 684 686)
4(186 184 686 688)
4(188 186 688 690)
4(190 188 690 692)
4(192 190 692 694)
4(194 192 694 696)
4(400 194 696 728)
4(402 400 728 730)
4(404 402 730 732)
4(406 404 732 734)
4(408 406 734 736)
4(410 408 736 738)
4(412 410 738 740)
4(414 412 740 742)
4(432 414 742 744)
4(434 432 744 746)
4(436 434 746 748)
4(438 436 748 574)
4(4 8 10 6)
4(0 12 14 2)
4(6 10 16 12)
4(12 16 18 14)
4(22 26 28 24)
4(24 28 34 30)
4(30 34 36 32)
4(26 38 40 28)
4(38 42 44 40)
4(28 40 46 34)
4(34 46 48 36)
4(40 44 50 46)
4(46 50 52 48)
4(42 54 56 44)
4(54 58 60 56)
4(44 56 62 50)
4(50 62 64 52)
4(56 60 66 62)
4(62 66 68 64)
4(58 70 72 60)
4(70 74 76 72)
4(60 72 78 66)
4(66 78 80 68)
4(72 76 82 78)
4(78 82 84 80)
4(2 14 94 86)
4(86 94 96 88)
4(14 18 98 94)
4(94 98 100 96)
4(88 96 102 90)
4(90 102 104 92)
4(96 100 106 102)
4(102 106 108 104)
4(104 108 114 110)
4(110 114 116 112)
4(112 116 122 118)
4(118 122 124 120)
4(100 126 128 106)
4(106 128 130 108)
4(32 36 134 132)
4(108 130 140 114)
4(114 140 142 116)
4(116 142 144 122)
4(122 144 146 124)
4(120 124 152 148)
4(148 152 154 150)
4(150 154 160 156)
4(156 160 162 158)
4(158 162 168 164)
4(164 168 170 166)
4(166 170 176 172)
4(172 176 178 174)
4(124 146 180 152)
4(152 180 182 154)
4(154 182 184 160)
4(160 184 186 162)
4(162 186 188 168)
4(168 188 190 170)
4(170 190 192 176)
4(176 192 194 178)
4(36 48 196 134)
4(134 196 198 136)
4(48 52 200 196)
4(196 200 202 198)
4(136 198 204 138)
4(198 202 208 204)
4(204 208 210 206)
4(52 64 212 200)
4(200 212 214 202)
4(64 68 216 212)
4(212 216 218 214)
4(202 214 220 208)
4(208 220 222 210)
4(214 218 224 220)
4(220 224 226 222)
4(206 210 232 228)
4(228 232 234 230)
4(210 222 240 232)
4(232 240 242 234)
4(222 226 244 240)
4(240 244 246 242)
4(234 242 248 236)
4(236 248 250 238)
4(242 246 252 248)
4(248 252 254 250)
4(68 80 256 216)
4(216 256 258 218)
4(80 84 260 256)
4(256 260 262 258)
4(218 258 264 224)
4(224 264 266 226)
4(258 262 268 264)
4(264 268 270 266)
4(226 266 272 244)
4(244 272 274 246)
4(266 270 276 272)
4(272 276 278 274)
4(246 274 280 252)
4(252 280 282 254)
4(274 278 284 280)
4(280 284 286 282)
4(238 250 296 288)
4(288 296 298 290)
4(250 254 300 296)
4(296 300 302 298)
4(290 298 304 292)
4(292 304 306 294)
4(298 302 308 304)
4(304 308 310 306)
4(294 306 320 312)
4(312 320 322 314)
4(306 310 324 320)
4(320 324 326 322)
4(314 322 328 316)
4(316 328 330 318)
4(322 326 332 328)
4(328 332 334 330)
4(254 282 336 300)
4(300 336 338 302)
4(282 286 340 336)
4(336 340 342 338)
4(302 338 344 308)
4(308 344 346 310)
4(338 342 348 344)
4(344 348 350 346)
4(310 346 352 324)
4(324 352 354 326)
4(346 350 356 352)
4(352 356 358 354)
4(326 354 360 332)
4(332 360 362 334)
4(354 358 364 360)
4(360 364 366 362)
4(174 178 372 368)
4(368 372 374 370)
4(370 374 380 376)
4(376 380 382 378)
4(378 382 388 384)
4(384 388 390 386)
4(386 390 396 392)
4(392 396 398 394)
4(178 194 400 372)
4(372 400 402 374)
4(374 402 404 380)
4(380 404 406 382)
4(382 406 408 388)
4(388 408 410 390)
4(390 410 412 396)
4(396 412 414 398)
4(394 398 420 416)
4(416 420 422 418)
4(418 422 428 424)
4(424 428 430 426)
4(398 414 432 420)
4(420 432 434 422)
4(422 434 436 428)
4(428 436 438 430)
4(318 330 448 440)
4(440 448 450 442)
4(330 334 452 448)
4(448 452 454 450)
4(442 450 456 444)
4(444 456 458 446)
4(450 454 460 456)
4(456 460 462 458)
4(446 458 472 464)
4(464 472 474 466)
4(458 462 476 472)
4(472 476 478 474)
4(466 474 480 468)
4(468 480 482 470)
4(474 478 484 480)
4(480 484 486 482)
4(334 362 488 452)
4(452 488 490 454)
4(362 366 492 488)
4(488 492 494 490)
4(454 490 496 460)
4(460 496 498 462)
4(490 494 500 496)
4(496 500 502 498)
4(462 498 504 476)
4(476 504 506 478)
4(498 502 508 504)
4(504 508 510 506)
4(478 506 512 484)
4(484 512 514 486)
4(506 510 516 512)
4(512 516 518 514)
4(470 482 528 520)
4(520 528 530 522)
4(482 486 532 528)
4(528 532 534 530)
4(522 530 536 524)
4(524 536 538 526)
4(530 534 540 536)
4(536 540 542 538)
4(486 514 544 532)
4(532 544 546 534)
4(514 518 548 544)
4(544 548 550 546)
4(534 546 552 540)
4(540 552 554 542)
4(546 550 556 552)
4(552 556 558 554)
4(438 574 776 750)
4(526 774 778 560)
4(558 568 780 638)
4(539 527 775 563)
4(543 539 563 565)
4(555 543 565 567)
4(559 555 567 639)
4(431 427 571 573)
4(439 431 573 751)
4(75 77 579 577)
4(77 83 581 579)
4(83 85 583 581)
4(85 261 585 583)
4(261 263 587 585)
4(263 269 589 587)
4(269 271 591 589)
4(271 277 593 591)
4(277 279 595 593)
4(279 285 597 595)
4(285 287 599 597)
4(287 341 601 599)
4(341 343 603 601)
4(343 349 605 603)
4(349 351 607 605)
4(351 357 609 607)
4(357 359 611 609)
4(359 365 613 611)
4(365 367 615 613)
4(367 493 617 615)
4(493 495 619 617)
4(495 501 621 619)
4(501 503 623 621)
4(503 509 625 623)
4(509 511 627 625)
4(511 517 629 627)
4(517 519 631 629)
4(519 549 633 631)
4(549 551 635 633)
4(551 557 637 635)
4(557 559 569 637)
4(25 21 649 651)
4(31 25 651 653)
4(33 31 653 655)
4(135 133 667 669)
4(133 33 655 667)
4(137 135 669 671)
4(205 139 673 699)
4(139 137 671 673)
4(207 205 699 701)
4(229 207 701 703)
4(235 231 705 707)
4(231 229 703 705)
4(237 235 707 709)
4(239 237 709 711)
4(289 239 711 713)
4(291 289 713 715)
4(293 291 715 717)
4(295 293 717 719)
4(313 295 719 721)
4(315 313 721 723)
4(317 315 723 725)
4(319 317 725 727)
4(441 319 727 753)
4(443 441 753 755)
4(445 443 755 757)
4(447 445 757 759)
4(465 447 759 761)
4(467 465 761 763)
4(469 467 763 765)
4(471 469 765 767)
4(521 471 767 769)
4(523 521 769 771)
4(525 523 771 773)
4(527 525 773 561)
4(9 11 643 641)
4(11 17 645 643)
4(17 19 647 645)
4(19 99 657 647)
4(99 101 659 657)
4(101 127 661 659)
4(127 129 663 661)
4(129 131 665 663)
4(131 141 675 665)
4(141 143 677 675)
4(143 145 679 677)
4(145 147 681 679)
4(147 181 683 681)
4(181 183 685 683)
4(183 185 687 685)
4(185 187 689 687)
4(187 189 691 689)
4(189 191 693 691)
4(191 193 695 693)
4(193 195 697 695)
4(195 401 729 697)
4(401 403 731 729)
4(403 405 733 731)
4(405 407 735 733)
4(407 409 737 735)
4(409 411 739 737)
4(411 413 741 739)
4(413 415 743 741)
4(415 433 745 743)
4(433 435 747 745)
4(435 437 749 747)
4(437 439 575 749)
4(5 7 11 9)
4(1 3 15 13)
4(7 13 17 11)
4(13 15 19 17)
4(23 25 29 27)
4(25 31 35 29)
4(31 33 37 35)
4(27 29 41 39)
4(39 41 45 43)
4(29 35 47 41)
4(35 37 49 47)
4(41 47 51 45)
4(47 49 53 51)
4(43 45 57 55)
4(55 57 61 59)
4(45 51 63 57)
4(51 53 65 63)
4(57 63 67 61)
4(63 65 69 67)
4(59 61 73 71)
4(71 73 77 75)
4(61 67 79 73)
4(67 69 81 79)
4(73 79 83 77)
4(79 81 85 83)
4(3 87 95 15)
4(87 89 97 95)
4(15 95 99 19)
4(95 97 101 99)
4(89 91 103 97)
4(91 93 105 103)
4(97 103 107 101)
4(103 105 109 107)
4(105 111 115 109)
4(111 113 117 115)
4(113 119 123 117)
4(119 121 125 123)
4(101 107 129 127)
4(107 109 131 129)
4(33 133 135 37)
4(109 115 141 131)
4(115 117 143 141)
4(117 123 145 143)
4(123 125 147 145)
4(121 149 153 125)
4(149 151 155 153)
4(151 157 161 155)
4(157 159 163 161)
4(159 165 169 163)
4(165 167 171 169)
4(167 173 177 171)
4(173 175 179 177)
4(125 153 181 147)
4(153 155 183 181)
4(155 161 185 183)
4(161 163 187 185)
4(163 169 189 187)
4(169 171 191 189)
4(171 177 193 191)
4(177 179 195 193)
4(37 135 197 49)
4(135 137 199 197)
4(49 197 201 53)
4(197 199 203 201)
4(137 139 205 199)
4(199 205 209 203)
4(205 207 211 209)
4(53 201 213 65)
4(201 203 215 213)
4(65 213 217 69)
4(213 215 219 217)
4(203 209 221 215)
4(209 211 223 221)
4(215 221 225 219)
4(221 223 227 225)
4(207 229 233 211)
4(229 231 235 233)
4(211 233 241 223)
4(233 235 243 241)
4(223 241 245 227)
4(241 243 247 245)
4(235 237 249 243)
4(237 239 251 249)
4(243 249 253 247)
4(249 251 255 253)
4(69 217 257 81)
4(217 219 259 257)
4(81 257 261 85)
4(257 259 263 261)
4(219 225 265 259)
4(225 227 267 265)
4(259 265 269 263)
4(265 267 271 269)
4(227 245 273 267)
4(245 247 275 273)
4(267 273 277 271)
4(273 275 279 277)
4(247 253 281 275)
4(253 255 283 281)
4(275 281 285 279)
4(281 283 287 285)
4(239 289 297 251)
4(289 291 299 297)
4(251 297 301 255)
4(297 299 303 301)
4(291 293 305 299)
4(293 295 307 305)
4(299 305 309 303)
4(305 307 311 309)
4(295 313 321 307)
4(313 315 323 321)
4(307 321 325 311)
4(321 323 327 325)
4(315 317 329 323)
4(317 319 331 329)
4(323 329 333 327)
4(329 331 335 333)
4(255 301 337 283)
4(301 303 339 337)
4(283 337 341 287)
4(337 339 343 341)
4(303 309 345 339)
4(309 311 347 345)
4(339 345 349 343)
4(345 347 351 349)
4(311 325 353 347)
4(325 327 355 353)
4(347 353 357 351)
4(353 355 359 357)
4(327 333 361 355)
4(333 335 363 361)
4(355 361 365 359)
4(361 363 367 365)
4(175 369 373 179)
4(369 371 375 373)
4(371 377 381 375)
4(377 379 383 381)
4(379 385 389 383)
4(385 387 391 389)
4(387 393 397 391)
4(393 395 399 397)
4(179 373 401 195)
4(373 375 403 401)
4(375 381 405 403)
4(381 383 407 405)
4(383 389 409 407)
4(389 391 411 409)
4(391 397 413 411)
4(397 399 415 413)
4(395 417 421 399)
4(417 419 423 421)
4(419 425 429 423)
4(425 427 431 429)
4(399 421 433 415)
4(421 423 435 433)
4(423 429 437 435)
4(429 431 439 437)
4(319 441 449 331)
4(441 443 451 449)
4(331 449 453 335)
4(449 451 455 453)
4(443 445 457 451)
4(445 447 459 457)
4(451 457 461 455)
4(457 459 463 461)
4(447 465 473 459)
4(465 467 475 473)
4(459 473 477 463)
4(473 475 479 477)
4(467 469 481 475)
4(469 471 483 481)
4(475 481 485 479)
4(481 483 487 485)
4(335 453 489 363)
4(453 455 491 489)
4(363 489 493 367)
4(489 491 495 493)
4(455 461 497 491)
4(461 463 499 497)
4(491 497 501 495)
4(497 499 503 501)
4(463 477 505 499)
4(477 479 507 505)
4(499 505 509 503)
4(505 507 511 509)
4(479 485 513 507)
4(485 487 515 513)
4(507 513 517 511)
4(513 515 519 517)
4(471 521 529 483)
4(521 523 531 529)
4(483 529 533 487)
4(529 531 535 533)
4(523 525 537 531)
4(525 527 539 537)
4(531 537 541 535)
4(537 539 543 541)
4(487 533 545 515)
4(533 535 547 545)
4(515 545 549 519)
4(545 547 551 549)
4(535 541 553 547)
4(541 543 555 553)
4(547 553 557 551)
4(553 555 559 557)
4(439 751 777 575)
4(527 561 779 775)
4(559 639 781 569)
4(426 570 571 427)
4(4 6 7 5)
4(6 12 13 7)
4(424 426 427 425)
4(418 424 425 419)
4(416 418 419 417)
4(394 416 417 395)
4(392 394 395 393)
4(386 392 393 387)
4(384 386 387 385)
4(378 384 385 379)
4(376 378 379 377)
4(370 376 377 371)
4(368 370 371 369)
4(174 368 369 175)
4(172 174 175 173)
4(166 172 173 167)
4(164 166 167 165)
4(158 164 165 159)
4(156 158 159 157)
4(150 156 157 151)
4(148 150 151 149)
4(120 148 149 121)
4(118 120 121 119)
4(112 118 119 113)
4(110 112 113 111)
4(104 110 111 105)
4(92 104 105 93)
4(90 92 93 91)
4(88 90 91 89)
4(86 88 89 87)
4(2 86 87 3)
4(0 2 3 1)
4(0 1 13 12)
4(75 577 576 74)
4(21 20 648 649)
4(20 21 25 24)
4(9 641 640 8)
4(70 71 75 74)
4(58 59 71 70)
4(54 55 59 58)
4(42 43 55 54)
4(38 39 43 42)
4(26 27 39 38)
4(22 23 27 26)
4(22 24 25 23)
4(4 5 9 8)
)


// ************************************************************************* //
