/*--------------------------------*- C++ -*----------------------------------*\
| =========                 |                                                 |
| \\      /  F ield         | OpenFOAM: The Open Source CFD Toolbox           |
|  \\    /   O peration     | Version:  2306                                  |
|   \\  /    A nd           | Website:  www.openfoam.com                      |
|    \\/     M anipulation  |                                                 |
\*---------------------------------------------------------------------------*/
FoamFile
{
    version     2.0;
    format      ascii;
    arch        "LSB;label=32;scalar=64";
    note        "nPoints:782  nCells:311  nFaces:1322  nInternalFaces:544";
    class       labelList;
    location    "constant/polyMesh";
    object      neighbour;
}
// * * * * * * * * * * * * * * * * * * * * * * * * * * * * * * * * * * * * * //


544
(
1
106
2
107
3
108
4
109
5
110
6
111
7
112
8
113
9
114
10
115
11
116
12
117
13
118
14
119
15
120
16
121
17
122
18
123
19
124
20
125
21
126
22
127
23
128
24
129
25
130
26
131
27
132
28
133
29
134
30
135
31
136
32
33
136
34
137
35
144
36
145
37
38
145
39
146
40
147
41
148
42
149
43
166
44
167
45
168
46
169
47
170
48
171
49
172
50
173
51
190
52
191
53
192
54
193
55
194
56
195
57
196
58
197
59
214
60
218
61
218
62
217
63
219
64
227
65
227
66
228
67
230
68
230
69
231
70
248
72
249
73
250
74
251
75
252
76
253
77
255
78
255
79
256
80
257
81
258
82
259
83
260
84
261
85
262
86
263
87
264
88
265
89
266
90
267
91
268
92
269
93
270
94
271
95
272
96
273
97
274
98
275
99
276
100
277
101
278
102
279
103
280
104
105
280
281
107
238
108
237
109
236
110
206
111
205
112
204
113
203
114
202
115
201
116
200
117
199
118
182
119
181
120
180
121
179
122
178
123
177
124
176
125
175
126
158
127
157
128
156
129
155
130
154
131
153
132
152
133
151
134
140
135
139
136
138
137
138
144
139
143
140
142
141
151
142
148
150
143
147
144
146
145
146
147
148
149
150
166
151
165
152
153
165
154
164
155
163
156
162
157
161
158
160
159
175
160
172
174
161
171
162
170
163
169
164
168
165
167
166
167
168
169
170
171
172
173
174
190
175
189
176
177
189
178
188
179
187
180
186
181
185
182
184
183
199
184
196
198
185
195
186
194
187
193
188
192
189
191
190
191
192
193
194
195
196
197
198
214
199
213
200
201
213
202
212
203
211
204
210
205
209
206
208
207
236
208
223
235
209
222
210
221
211
220
212
216
213
215
214
215
216
218
217
220
218
219
220
226
221
222
226
223
225
224
234
225
229
233
226
228
227
228
229
230
232
231
232
248
233
245
234
244
235
241
236
240
237
238
240
239
240
242
241
242
244
243
244
246
245
246
248
247
248
250
251
252
310
253
309
254
308
255
306
307
256
257
306
258
304
259
303
260
302
261
301
262
300
263
299
264
298
265
297
266
296
267
295
268
294
269
293
270
292
271
291
272
290
273
289
274
288
275
287
276
286
277
285
278
284
279
283
280
282
281
282
283
284
285
286
287
288
289
290
291
292
293
294
295
296
297
298
299
300
301
302
303
304
306
306
307
308
309
310
)


// ************************************************************************* //
