/*--------------------------------*- C++ -*----------------------------------*\
| =========                 |                                                 |
| \\      /  F ield         | OpenFOAM: The Open Source CFD Toolbox           |
|  \\    /   O peration     | Version:  2306                                  |
|   \\  /    A nd           | Website:  www.openfoam.com                      |
|    \\/     M anipulation  |                                                 |
\*---------------------------------------------------------------------------*/
FoamFile
{
    version     2.0;
    format      ascii;
    arch        "LSB;label=32;scalar=64";
    note        "nPoints:782  nCells:311  nFaces:1322  nInternalFaces:544";
    class       labelList;
    location    "constant/polyMesh";
    object      owner;
}
// * * * * * * * * * * * * * * * * * * * * * * * * * * * * * * * * * * * * * //


1322
(
0
0
1
1
2
2
3
3
4
4
5
5
6
6
7
7
8
8
9
9
10
10
11
11
12
12
13
13
14
14
15
15
16
16
17
17
18
18
19
19
20
20
21
21
22
22
23
23
24
24
25
25
26
26
27
27
28
28
29
29
30
30
31
32
32
33
33
34
34
35
35
36
37
37
38
38
39
39
40
40
41
41
42
42
43
43
44
44
45
45
46
46
47
47
48
48
49
49
50
50
51
51
52
52
53
53
54
54
55
55
56
56
57
57
58
58
59
59
60
60
61
61
62
62
63
63
64
64
65
65
66
66
67
67
68
68
69
69
71
71
72
72
73
73
74
74
75
75
76
76
77
77
78
78
79
79
80
80
81
81
82
82
83
83
84
84
85
85
86
86
87
87
88
88
89
89
90
90
91
91
92
92
93
93
94
94
95
95
96
96
97
97
98
98
99
99
100
100
101
101
102
102
103
104
104
105
106
106
107
107
108
108
109
109
110
110
111
111
112
112
113
113
114
114
115
115
116
116
117
117
118
118
119
119
120
120
121
121
122
122
123
123
124
124
125
125
126
126
127
127
128
128
129
129
130
130
131
131
132
132
133
133
134
134
135
135
136
137
137
138
138
139
139
140
140
141
141
141
142
142
143
143
144
145
146
147
148
149
149
150
150
151
152
152
153
153
154
154
155
155
156
156
157
157
158
158
159
159
159
160
160
161
161
162
162
163
163
164
164
165
166
167
168
169
170
171
172
173
173
174
174
175
176
176
177
177
178
178
179
179
180
180
181
181
182
182
183
183
183
184
184
185
185
186
186
187
187
188
188
189
190
191
192
193
194
195
196
197
197
198
198
199
200
200
201
201
202
202
203
203
204
204
205
205
206
206
207
207
207
208
208
209
209
210
210
211
211
212
212
213
214
215
215
216
216
217
217
219
219
220
221
221
222
222
223
223
224
224
224
225
225
226
227
228
229
229
230
231
231
232
232
233
233
234
234
235
235
236
237
237
238
239
239
240
241
241
242
243
243
244
245
245
246
247
249
250
251
251
252
252
253
253
254
254
254
255
256
256
257
257
258
258
259
259
260
260
261
261
262
262
263
263
264
264
265
265
266
266
267
267
268
268
269
269
270
270
271
271
272
272
273
273
274
274
275
275
276
276
277
277
278
278
279
279
280
281
282
283
284
285
286
287
288
289
290
291
292
293
294
295
296
297
298
299
300
301
302
303
304
305
305
307
308
309
35
34
33
32
36
31
105
104
103
0
1
2
3
4
5
6
7
8
9
10
11
12
13
14
15
16
17
18
19
20
21
22
23
24
25
26
27
28
29
30
31
70
69
68
66
67
65
63
64
62
61
59
60
58
57
56
55
54
53
52
51
50
49
48
47
46
45
44
43
42
41
40
39
38
37
36
71
72
73
74
75
76
77
78
79
80
81
82
83
84
85
86
87
88
89
90
91
92
93
94
95
96
97
98
99
100
101
102
103
35
34
33
32
105
104
0
1
2
3
4
5
6
7
8
9
10
11
12
13
14
15
16
17
18
19
20
21
22
23
24
25
26
27
28
29
30
70
69
68
66
67
65
63
64
62
61
59
60
58
57
56
55
54
53
52
51
50
49
48
47
46
45
44
43
42
41
40
39
38
37
71
72
73
74
75
76
77
78
79
80
81
82
83
84
85
86
87
88
89
90
91
92
93
94
95
96
97
98
99
100
101
102
249
310
250
251
247
248
231
246
243
245
232
244
233
242
239
241
234
240
235
238
106
237
236
107
108
309
308
252
253
307
305
254
306
304
303
302
301
255
256
230
257
258
259
260
300
299
298
297
296
295
294
293
261
262
263
264
265
266
267
268
229
228
224
225
227
226
219
223
222
207
208
221
220
209
210
217
218
216
215
211
212
214
197
213
198
206
205
109
110
204
203
111
112
202
201
113
114
200
199
115
116
196
195
183
184
194
193
185
186
192
191
187
188
190
173
189
174
182
181
117
118
180
179
119
120
178
177
121
122
176
175
123
124
292
291
290
289
288
287
286
285
269
270
271
272
273
274
275
276
284
283
282
281
277
278
279
280
172
171
159
160
170
169
161
162
168
167
163
164
166
149
165
150
158
157
125
126
156
155
127
128
154
153
129
130
152
151
131
132
148
147
141
142
146
145
143
144
140
139
133
134
138
137
135
136
103
36
31
35
34
33
32
105
104
0
1
2
3
4
5
6
7
8
9
10
11
12
13
14
15
16
17
18
19
20
21
22
23
24
25
26
27
28
29
30
70
69
68
66
67
65
63
64
62
61
59
60
58
57
56
55
54
53
52
51
50
49
48
47
46
45
44
43
42
41
40
39
38
37
71
72
73
74
75
76
77
78
79
80
81
82
83
84
85
86
87
88
89
90
91
92
93
94
95
96
97
98
99
100
101
102
249
310
250
251
247
248
231
246
243
245
232
244
233
242
239
241
234
240
235
238
106
237
236
107
108
309
308
252
253
307
305
254
306
304
303
302
301
255
256
230
257
258
259
260
300
299
298
297
296
295
294
293
261
262
263
264
265
266
267
268
229
228
224
225
227
226
219
223
222
207
208
221
220
209
210
217
218
216
215
211
212
214
197
213
198
206
205
109
110
204
203
111
112
202
201
113
114
200
199
115
116
196
195
183
184
194
193
185
186
192
191
187
188
190
173
189
174
182
181
117
118
180
179
119
120
178
177
121
122
176
175
123
124
292
291
290
289
288
287
286
285
269
270
271
272
273
274
275
276
284
283
282
281
277
278
279
280
172
171
159
160
170
169
161
162
168
167
163
164
166
149
165
150
158
157
125
126
156
155
127
128
154
153
129
130
152
151
131
132
148
147
141
142
146
145
143
144
140
139
133
134
138
137
135
136
103
36
31
105
249
250
281
282
283
284
285
286
287
288
289
290
291
292
293
294
295
296
297
298
299
300
301
302
303
304
305
305
307
308
309
310
310
0
70
70
71
106
238
239
242
243
246
247
247
249
)


// ************************************************************************* //
