/*--------------------------------*- C++ -*----------------------------------*\
| =========                 |                                                 |
| \\      /  F ield         | OpenFOAM: The Open Source CFD Toolbox           |
|  \\    /   O peration     | Version:  2306                                  |
|   \\  /    A nd           | Website:  www.openfoam.com                      |
|    \\/     M anipulation  |                                                 |
\*---------------------------------------------------------------------------*/
FoamFile
{
    version     2.0;
    format      ascii;
    arch        "LSB;label=32;scalar=64";
    class       vectorField;
    location    "constant/polyMesh";
    object      points;
}
// * * * * * * * * * * * * * * * * * * * * * * * * * * * * * * * * * * * * * //


782
(
(0.0599704 0.0170391 -0.01)
(0.0599704 0.0170391 0)
(0.0609524 0.0170636 -0.01)
(0.0609524 0.0170636 0)
(0.0580305 0.0178739 -0.01)
(0.0580305 0.0178739 0)
(0.058989 0.0179087 -0.01)
(0.058989 0.0179087 0)
(0.058075 0.0186203 -0.01)
(0.058075 0.0186203 0)
(0.0589932 0.0186983 -0.01)
(0.0589932 0.0186983 0)
(0.0599434 0.0179624 -0.01)
(0.0599434 0.0179624 0)
(0.060904 0.0180203 -0.01)
(0.060904 0.0180203 0)
(0.0599082 0.0187879 -0.01)
(0.0599082 0.0187879 0)
(0.0608373 0.0188812 -0.01)
(0.0608373 0.0188812 0)
(0.0586377 0.021248 -0.01)
(0.0586377 0.021248 0)
(0.058081 0.021962 -0.01)
(0.058081 0.021962 0)
(0.0590819 0.0218266 -0.01)
(0.0590819 0.0218266 0)
(0.0580904 0.0228739 -0.01)
(0.0580904 0.0228739 0)
(0.059099 0.0228694 -0.01)
(0.059099 0.0228694 0)
(0.0601573 0.0221007 -0.01)
(0.0601573 0.0221007 0)
(0.0609951 0.0222385 -0.01)
(0.0609951 0.0222385 0)
(0.0601089 0.0229366 -0.01)
(0.0601089 0.0229366 0)
(0.0610618 0.0229818 -0.01)
(0.0610618 0.0229818 0)
(0.0580653 0.0239052 -0.01)
(0.0580653 0.0239052 0)
(0.059076 0.0238946 -0.01)
(0.059076 0.0238946 0)
(0.0580354 0.0249836 -0.01)
(0.0580354 0.0249836 0)
(0.0590453 0.0249677 -0.01)
(0.0590453 0.0249677 0)
(0.060086 0.0238947 -0.01)
(0.060086 0.0238947 0)
(0.0610893 0.0238825 -0.01)
(0.0610893 0.0238825 0)
(0.0600582 0.024949 -0.01)
(0.0600582 0.024949 0)
(0.0610749 0.0249225 -0.01)
(0.0610749 0.0249225 0)
(0.058015 0.026077 -0.01)
(0.058015 0.026077 0)
(0.0590213 0.026066 -0.01)
(0.0590213 0.026066 0)
(0.058005 0.0271558 -0.01)
(0.058005 0.0271558 0)
(0.0590079 0.0271508 -0.01)
(0.0590079 0.0271508 0)
(0.0600308 0.0260502 -0.01)
(0.0600308 0.0260502 0)
(0.0610445 0.0260275 -0.01)
(0.0610445 0.0260275 0)
(0.0600127 0.0271429 -0.01)
(0.0600127 0.0271429 0)
(0.06102 0.0271305 -0.01)
(0.06102 0.0271305 0)
(0.0580013 0.0281765 -0.01)
(0.0580013 0.0281765 0)
(0.0590023 0.0281748 -0.01)
(0.0590023 0.0281748 0)
(0.0580002 0.0291161 -0.01)
(0.0580002 0.0291161 0)
(0.0590005 0.0291157 -0.01)
(0.0590005 0.0291157 0)
(0.0600041 0.0281719 -0.01)
(0.0600041 0.0281719 0)
(0.061007 0.0281669 -0.01)
(0.061007 0.0281669 0)
(0.060001 0.0291148 -0.01)
(0.060001 0.0291148 0)
(0.0610019 0.0291133 -0.01)
(0.0610019 0.0291133 0)
(0.0619466 0.0170804 -0.01)
(0.0619466 0.0170804 0)
(0.0629591 0.017078 -0.01)
(0.0629591 0.017078 0)
(0.0639785 0.0170545 -0.01)
(0.0639785 0.0170545 0)
(0.0649926 0.0170315 -0.01)
(0.0649926 0.0170315 0)
(0.0618961 0.0180723 -0.01)
(0.0618961 0.0180723 0)
(0.0629488 0.0180916 -0.01)
(0.0629488 0.0180916 0)
(0.0618027 0.0189735 -0.01)
(0.0618027 0.0189735 0)
(0.0629956 0.0190998 -0.01)
(0.0629956 0.0190998 0)
(0.0639949 0.0180356 -0.01)
(0.0639949 0.0180356 0)
(0.0650089 0.0180014 -0.01)
(0.0650089 0.0180014 0)
(0.0640649 0.0188729 -0.01)
(0.0640649 0.0188729 0)
(0.0650519 0.0188585 -0.01)
(0.0650519 0.0188585 0)
(0.0660119 0.0179942 -0.01)
(0.0660119 0.0179942 0)
(0.0670091 0.0179946 -0.01)
(0.0670091 0.0179946 0)
(0.0660377 0.0188729 -0.01)
(0.0660377 0.0188729 0)
(0.0670233 0.0188835 -0.01)
(0.0670233 0.0188835 0)
(0.0680046 0.0179956 -0.01)
(0.0680046 0.0179956 0)
(0.0690013 0.017996 -0.01)
(0.0690013 0.017996 0)
(0.0680113 0.0188871 -0.01)
(0.0680113 0.0188871 0)
(0.0690037 0.0188878 -0.01)
(0.0690037 0.0188878 0)
(0.0635269 0.0196194 -0.01)
(0.0635269 0.0196194 0)
(0.0641988 0.0195759 -0.01)
(0.0641988 0.0195759 0)
(0.0651129 0.0196119 -0.01)
(0.0651129 0.0196119 0)
(0.0615951 0.0222756 -0.01)
(0.0615951 0.0222756 0)
(0.0620501 0.0228379 -0.01)
(0.0620501 0.0228379 0)
(0.0631001 0.0230497 -0.01)
(0.0631001 0.0230497 0)
(0.0637405 0.0230858 -0.01)
(0.0637405 0.0230858 0)
(0.0660725 0.0196647 -0.01)
(0.0660725 0.0196647 0)
(0.0670409 0.0196831 -0.01)
(0.0670409 0.0196831 0)
(0.0680194 0.0196866 -0.01)
(0.0680194 0.0196866 0)
(0.0690067 0.0196872 -0.01)
(0.0690067 0.0196872 0)
(0.0699998 0.0179961 -0.01)
(0.0699998 0.0179961 0)
(0.0709995 0.0179961 -0.01)
(0.0709995 0.0179961 0)
(0.0700003 0.018888 -0.01)
(0.0700003 0.018888 0)
(0.0709993 0.018888 -0.01)
(0.0709993 0.018888 0)
(0.0719996 0.0179962 -0.01)
(0.0719996 0.0179962 0)
(0.0729997 0.0179962 -0.01)
(0.0729997 0.0179962 0)
(0.0719993 0.0188881 -0.01)
(0.0719993 0.0188881 0)
(0.0729995 0.0188881 -0.01)
(0.0729995 0.0188881 0)
(0.0739999 0.0179962 -0.01)
(0.0739999 0.0179962 0)
(0.0749999 0.0179962 -0.01)
(0.0749999 0.0179962 0)
(0.0739997 0.0188881 -0.01)
(0.0739997 0.0188881 0)
(0.0749999 0.0188881 -0.01)
(0.0749999 0.0188881 0)
(0.076 0.0179962 -0.01)
(0.076 0.0179962 0)
(0.077 0.0179962 -0.01)
(0.077 0.0179962 0)
(0.076 0.0188881 -0.01)
(0.076 0.0188881 0)
(0.077 0.0188881 -0.01)
(0.077 0.0188881 0)
(0.0700007 0.0196873 -0.01)
(0.0700007 0.0196873 0)
(0.0709992 0.0196873 -0.01)
(0.0709992 0.0196873 0)
(0.0719988 0.0196873 -0.01)
(0.0719988 0.0196873 0)
(0.0729994 0.0196874 -0.01)
(0.0729994 0.0196874 0)
(0.0739996 0.0196874 -0.01)
(0.0739996 0.0196874 0)
(0.0749999 0.0196874 -0.01)
(0.0749999 0.0196874 0)
(0.076 0.0196874 -0.01)
(0.076 0.0196874 0)
(0.077 0.0196874 -0.01)
(0.077 0.0196874 0)
(0.0621045 0.0238516 -0.01)
(0.0621045 0.0238516 0)
(0.0631327 0.0238606 -0.01)
(0.0631327 0.0238606 0)
(0.0620973 0.0248883 -0.01)
(0.0620973 0.0248883 0)
(0.0631239 0.0248513 -0.01)
(0.0631239 0.0248513 0)
(0.0641829 0.0236867 -0.01)
(0.0641829 0.0236867 0)
(0.0652426 0.0239527 -0.01)
(0.0652426 0.0239527 0)
(0.0641505 0.0248203 -0.01)
(0.0641505 0.0248203 0)
(0.0651644 0.0248665 -0.01)
(0.0651644 0.0248665 0)
(0.0620621 0.0259975 -0.01)
(0.0620621 0.0259975 0)
(0.0630815 0.0259637 -0.01)
(0.0630815 0.0259637 0)
(0.0620295 0.0271131 -0.01)
(0.0620295 0.0271131 0)
(0.0630406 0.0270918 -0.01)
(0.0630406 0.0270918 0)
(0.0640992 0.0259356 -0.01)
(0.0640992 0.0259356 0)
(0.0651122 0.0259238 -0.01)
(0.0651122 0.0259238 0)
(0.064052 0.0270697 -0.01)
(0.064052 0.0270697 0)
(0.0650627 0.02705 -0.01)
(0.0650627 0.02705 0)
(0.0660945 0.0240895 -0.01)
(0.0660945 0.0240895 0)
(0.066722 0.024133 -0.01)
(0.066722 0.024133 0)
(0.0661361 0.0249044 -0.01)
(0.0661361 0.0249044 0)
(0.0671722 0.0247527 -0.01)
(0.0671722 0.0247527 0)
(0.0682856 0.0250475 -0.01)
(0.0682856 0.0250475 0)
(0.0692318 0.0251788 -0.01)
(0.0692318 0.0251788 0)
(0.0661203 0.0259152 -0.01)
(0.0661203 0.0259152 0)
(0.0671371 0.0259153 -0.01)
(0.0671371 0.0259153 0)
(0.0660716 0.0270348 -0.01)
(0.0660716 0.0270348 0)
(0.067078 0.0270314 -0.01)
(0.067078 0.0270314 0)
(0.0681564 0.0259897 -0.01)
(0.0681564 0.0259897 0)
(0.0691389 0.0260631 -0.01)
(0.0691389 0.0260631 0)
(0.0680791 0.0270485 -0.01)
(0.0680791 0.0270485 0)
(0.06907 0.027074 -0.01)
(0.06907 0.027074 0)
(0.0620111 0.0281595 -0.01)
(0.0620111 0.0281595 0)
(0.0630161 0.0281496 -0.01)
(0.0630161 0.0281496 0)
(0.0620032 0.0291108 -0.01)
(0.0620032 0.0291108 0)
(0.0630049 0.0291074 -0.01)
(0.0630049 0.0291074 0)
(0.0640219 0.028138 -0.01)
(0.0640219 0.028138 0)
(0.0650278 0.0281256 -0.01)
(0.0650278 0.0281256 0)
(0.0640071 0.029103 -0.01)
(0.0640071 0.029103 0)
(0.0650094 0.0290978 -0.01)
(0.0650094 0.0290978 0)
(0.0660328 0.0281144 -0.01)
(0.0660328 0.0281144 0)
(0.0670355 0.0281077 -0.01)
(0.0670355 0.0281077 0)
(0.0660115 0.0290927 -0.01)
(0.0660115 0.0290927 0)
(0.0670125 0.0290888 -0.01)
(0.0670125 0.0290888 0)
(0.0680347 0.0281081 -0.01)
(0.0680347 0.0281081 0)
(0.0690302 0.0281137 -0.01)
(0.0690302 0.0281137 0)
(0.0680122 0.0290872 -0.01)
(0.0680122 0.0290872 0)
(0.0690106 0.0290878 -0.01)
(0.0690106 0.0290878 0)
(0.0701668 0.025225 -0.01)
(0.0701668 0.025225 0)
(0.0711046 0.0252391 -0.01)
(0.0711046 0.0252391 0)
(0.0720635 0.0252442 -0.01)
(0.0720635 0.0252442 0)
(0.073033 0.0252465 -0.01)
(0.073033 0.0252465 0)
(0.0701032 0.0261038 -0.01)
(0.0701032 0.0261038 0)
(0.0710677 0.0261219 -0.01)
(0.0710677 0.0261219 0)
(0.0700534 0.0270942 -0.01)
(0.0700534 0.0270942 0)
(0.0710357 0.0271059 -0.01)
(0.0710357 0.0271059 0)
(0.0720405 0.0261295 -0.01)
(0.0720405 0.0261295 0)
(0.0730217 0.026133 -0.01)
(0.0730217 0.026133 0)
(0.0720214 0.0271116 -0.01)
(0.0720214 0.0271116 0)
(0.0730114 0.0271144 -0.01)
(0.0730114 0.0271144 0)
(0.0740169 0.0252477 -0.01)
(0.0740169 0.0252477 0)
(0.0750071 0.0252483 -0.01)
(0.0750071 0.0252483 0)
(0.0760029 0.0252485 -0.01)
(0.0760029 0.0252485 0)
(0.077001 0.0252486 -0.01)
(0.077001 0.0252486 0)
(0.0740107 0.0261347 -0.01)
(0.0740107 0.0261347 0)
(0.0750047 0.0261357 -0.01)
(0.0750047 0.0261357 0)
(0.0740055 0.0271158 -0.01)
(0.0740055 0.0271158 0)
(0.0750023 0.0271165 -0.01)
(0.0750023 0.0271165 0)
(0.0760019 0.0261361 -0.01)
(0.0760019 0.0261361 0)
(0.0770007 0.0261362 -0.01)
(0.0770007 0.0261362 0)
(0.0760009 0.0271168 -0.01)
(0.0760009 0.0271168 0)
(0.0770003 0.0271169 -0.01)
(0.0770003 0.0271169 0)
(0.0700232 0.0281202 -0.01)
(0.0700232 0.0281202 0)
(0.0710157 0.0281248 -0.01)
(0.0710157 0.0281248 0)
(0.0700081 0.0290892 -0.01)
(0.0700081 0.0290892 0)
(0.0710055 0.0290905 -0.01)
(0.0710055 0.0290905 0)
(0.0720094 0.0281274 -0.01)
(0.0720094 0.0281274 0)
(0.073005 0.0281287 -0.01)
(0.073005 0.0281287 0)
(0.0720033 0.0290914 -0.01)
(0.0720033 0.0290914 0)
(0.0730017 0.0290918 -0.01)
(0.0730017 0.0290918 0)
(0.0740023 0.0281294 -0.01)
(0.0740023 0.0281294 0)
(0.0750009 0.0281297 -0.01)
(0.0750009 0.0281297 0)
(0.0740008 0.0290921 -0.01)
(0.0740008 0.0290921 0)
(0.0750003 0.0290922 -0.01)
(0.0750003 0.0290922 0)
(0.0760003 0.0281299 -0.01)
(0.0760003 0.0281299 0)
(0.0770001 0.0281299 -0.01)
(0.0770001 0.0281299 0)
(0.0760001 0.0290922 -0.01)
(0.0760001 0.0290922 0)
(0.077 0.0290922 -0.01)
(0.077 0.0290922 0)
(0.0780001 0.0179962 -0.01)
(0.0780001 0.0179962 0)
(0.0790003 0.0179962 -0.01)
(0.0790003 0.0179962 0)
(0.0780001 0.0188881 -0.01)
(0.0780001 0.0188881 0)
(0.0790006 0.0188881 -0.01)
(0.0790006 0.0188881 0)
(0.0800009 0.0179962 -0.01)
(0.0800009 0.0179962 0)
(0.0810028 0.017996 -0.01)
(0.0810028 0.017996 0)
(0.0800019 0.0188881 -0.01)
(0.0800019 0.0188881 0)
(0.0810054 0.0188879 -0.01)
(0.0810054 0.0188879 0)
(0.0820075 0.0179957 -0.01)
(0.0820075 0.0179957 0)
(0.083019 0.0179949 -0.01)
(0.083019 0.0179949 0)
(0.0820132 0.0188875 -0.01)
(0.0820132 0.0188875 0)
(0.0830299 0.0188866 -0.01)
(0.0830299 0.0188866 0)
(0.0840438 0.0179935 -0.01)
(0.0840438 0.0179935 0)
(0.0850913 0.0179917 -0.01)
(0.0850913 0.0179917 0)
(0.0840596 0.0188849 -0.01)
(0.0840596 0.0188849 0)
(0.0851115 0.0188827 -0.01)
(0.0851115 0.0188827 0)
(0.0780001 0.0196874 -0.01)
(0.0780001 0.0196874 0)
(0.0790008 0.0196874 -0.01)
(0.0790008 0.0196874 0)
(0.0800026 0.0196874 -0.01)
(0.0800026 0.0196874 0)
(0.0810086 0.0196873 -0.01)
(0.0810086 0.0196873 0)
(0.0820196 0.0196871 -0.01)
(0.0820196 0.0196871 0)
(0.0830452 0.0196864 -0.01)
(0.0830452 0.0196864 0)
(0.0840779 0.0196854 -0.01)
(0.0840779 0.0196854 0)
(0.0851391 0.0196835 -0.01)
(0.0851391 0.0196835 0)
(0.0861605 0.0179908 -0.01)
(0.0861605 0.0179908 0)
(0.0872243 0.0179889 -0.01)
(0.0872243 0.0179889 0)
(0.0861775 0.0188821 -0.01)
(0.0861775 0.0188821 0)
(0.0872381 0.0188833 -0.01)
(0.0872381 0.0188833 0)
(0.0882267 0.0179739 -0.01)
(0.0882267 0.0179739 0)
(0.0891427 0.0179403 -0.01)
(0.0891427 0.0179403 0)
(0.0882332 0.0188735 -0.01)
(0.0882332 0.0188735 0)
(0.0891459 0.0188394 -0.01)
(0.0891459 0.0188394 0)
(0.0861865 0.0196828 -0.01)
(0.0861865 0.0196828 0)
(0.0872424 0.0196843 -0.01)
(0.0872424 0.0196843 0)
(0.0882139 0.0196803 -0.01)
(0.0882139 0.0196803 0)
(0.0891355 0.0196619 -0.01)
(0.0891355 0.0196619 0)
(0.0780005 0.0252487 -0.01)
(0.0780005 0.0252487 0)
(0.079001 0.0252487 -0.01)
(0.079001 0.0252487 0)
(0.0800029 0.0252488 -0.01)
(0.0800029 0.0252488 0)
(0.0810092 0.0252491 -0.01)
(0.0810092 0.0252491 0)
(0.0780003 0.0261363 -0.01)
(0.0780003 0.0261363 0)
(0.0790007 0.0261364 -0.01)
(0.0790007 0.0261364 0)
(0.0780002 0.027117 -0.01)
(0.0780002 0.027117 0)
(0.0790006 0.027117 -0.01)
(0.0790006 0.027117 0)
(0.0800023 0.0261365 -0.01)
(0.0800023 0.0261365 0)
(0.0810067 0.0261369 -0.01)
(0.0810067 0.0261369 0)
(0.0800019 0.0271171 -0.01)
(0.0800019 0.0271171 0)
(0.0810055 0.0271172 -0.01)
(0.0810055 0.0271172 0)
(0.0820213 0.0252498 -0.01)
(0.0820213 0.0252498 0)
(0.083048 0.0252516 -0.01)
(0.083048 0.0252516 0)
(0.0840847 0.0252547 -0.01)
(0.0840847 0.0252547 0)
(0.085148 0.02526 -0.01)
(0.085148 0.02526 0)
(0.0820165 0.026138 -0.01)
(0.0820165 0.026138 0)
(0.0830372 0.0261405 -0.01)
(0.0830372 0.0261405 0)
(0.0820142 0.0271177 -0.01)
(0.0820142 0.0271177 0)
(0.0830334 0.0271192 -0.01)
(0.0830334 0.0271192 0)
(0.0840743 0.0261454 -0.01)
(0.0840743 0.0261454 0)
(0.0851345 0.0261532 -0.01)
(0.0851345 0.0261532 0)
(0.0840704 0.0271226 -0.01)
(0.0840704 0.0271226 0)
(0.0851318 0.027129 -0.01)
(0.0851318 0.027129 0)
(0.0780002 0.0281299 -0.01)
(0.0780002 0.0281299 0)
(0.0790007 0.0281299 -0.01)
(0.0790007 0.0281299 0)
(0.0780002 0.0290922 -0.01)
(0.0780002 0.0290922 0)
(0.079001 0.0290922 -0.01)
(0.079001 0.0290922 0)
(0.0800024 0.0281298 -0.01)
(0.0800024 0.0281298 0)
(0.0810068 0.0281295 -0.01)
(0.0810068 0.0281295 0)
(0.0800031 0.0290921 -0.01)
(0.0800031 0.0290921 0)
(0.0810094 0.0290918 -0.01)
(0.0810094 0.0290918 0)
(0.0820168 0.0281292 -0.01)
(0.0820168 0.0281292 0)
(0.0830376 0.0281289 -0.01)
(0.0830376 0.0281289 0)
(0.082022 0.0290913 -0.01)
(0.082022 0.0290913 0)
(0.0830484 0.0290906 -0.01)
(0.0830484 0.0290906 0)
(0.0840756 0.0281293 -0.01)
(0.0840756 0.0281293 0)
(0.0851361 0.028132 -0.01)
(0.0851361 0.028132 0)
(0.0840866 0.0290901 -0.01)
(0.0840866 0.0290901 0)
(0.0851488 0.0290905 -0.01)
(0.0851488 0.0290905 0)
(0.0861998 0.0252656 -0.01)
(0.0861998 0.0252656 0)
(0.0872498 0.0252709 -0.01)
(0.0872498 0.0252709 0)
(0.0882208 0.0252816 -0.01)
(0.0882208 0.0252816 0)
(0.089137 0.0253058 -0.01)
(0.089137 0.0253058 0)
(0.0862067 0.0261627 -0.01)
(0.0862067 0.0261627 0)
(0.0872629 0.026173 -0.01)
(0.0872629 0.026173 0)
(0.0862097 0.027139 -0.01)
(0.0862097 0.027139 0)
(0.0872696 0.0271521 -0.01)
(0.0872696 0.0271521 0)
(0.0882498 0.0261903 -0.01)
(0.0882498 0.0261903 0)
(0.0891532 0.0262219 -0.01)
(0.0891532 0.0262219 0)
(0.0882586 0.0271671 -0.01)
(0.0882586 0.0271671 0)
(0.0891585 0.0271831 -0.01)
(0.0891585 0.0271831 0)
(0.086209 0.0281393 -0.01)
(0.086209 0.0281393 0)
(0.0872637 0.0281509 -0.01)
(0.0872637 0.0281509 0)
(0.0862027 0.0290941 -0.01)
(0.0862027 0.0290941 0)
(0.0872496 0.0291009 -0.01)
(0.0872496 0.0291009 0)
(0.0882498 0.0281584 -0.01)
(0.0882498 0.0281584 0)
(0.0891528 0.0281522 -0.01)
(0.0891528 0.0281522 0)
(0.0882213 0.0291033 -0.01)
(0.0882213 0.0291033 0)
(0.0891365 0.0290933 -0.01)
(0.0891365 0.0290933 0)
(0.0891357 0.02443 -0.01)
(0.0891357 0.02443 0)
(0.09 0.0262615 -0.01)
(0.09 0.0262615 0)
(0.09 0.0271999 -0.01)
(0.09 0.0271999 0)
(0.09 0.0281326 -0.01)
(0.09 0.0281326 0)
(0.0891357 0.03 -0.01)
(0.0891357 0.03 0)
(0.09 0.0179245 -0.01)
(0.09 0.0179245 0)
(0.09 0.0187925 -0.01)
(0.09 0.0187925 0)
(0.0891357 0.02043 -0.01)
(0.0891357 0.02043 0)
(0.058 0.03 -0.01)
(0.058 0.03 0)
(0.059 0.03 -0.01)
(0.059 0.03 0)
(0.06 0.03 -0.01)
(0.06 0.03 0)
(0.061 0.03 -0.01)
(0.061 0.03 0)
(0.062 0.03 -0.01)
(0.062 0.03 0)
(0.063 0.03 -0.01)
(0.063 0.03 0)
(0.064 0.03 -0.01)
(0.064 0.03 0)
(0.065 0.03 -0.01)
(0.065 0.03 0)
(0.066 0.03 -0.01)
(0.066 0.03 0)
(0.067 0.03 -0.01)
(0.067 0.03 0)
(0.068 0.03 -0.01)
(0.068 0.03 0)
(0.069 0.03 -0.01)
(0.069 0.03 0)
(0.07 0.03 -0.01)
(0.07 0.03 0)
(0.071 0.03 -0.01)
(0.071 0.03 0)
(0.072 0.03 -0.01)
(0.072 0.03 0)
(0.073 0.03 -0.01)
(0.073 0.03 0)
(0.074 0.03 -0.01)
(0.074 0.03 0)
(0.075 0.03 -0.01)
(0.075 0.03 0)
(0.076 0.03 -0.01)
(0.076 0.03 0)
(0.077 0.03 -0.01)
(0.077 0.03 0)
(0.078 0.03 -0.01)
(0.078 0.03 0)
(0.079001 0.03 -0.01)
(0.079001 0.03 0)
(0.0800018 0.03 -0.01)
(0.0800018 0.03 0)
(0.0810117 0.03 -0.01)
(0.0810117 0.03 0)
(0.082021 0.03 -0.01)
(0.082021 0.03 0)
(0.0830654 0.03 -0.01)
(0.0830654 0.03 0)
(0.0840877 0.03 -0.01)
(0.0840877 0.03 0)
(0.0851855 0.03 -0.01)
(0.0851855 0.03 0)
(0.0861782 0.03 -0.01)
(0.0861782 0.03 0)
(0.0872666 0.03 -0.01)
(0.0872666 0.03 0)
(0.0881679 0.03 -0.01)
(0.0881679 0.03 0)
(0.09 0.0290786 -0.01)
(0.09 0.0290786 0)
(0.0581101 0.0193029 -0.01)
(0.0581101 0.0193029 0)
(0.0590044 0.0194306 -0.01)
(0.0590044 0.0194306 0)
(0.0598597 0.0195528 -0.01)
(0.0598597 0.0195528 0)
(0.060763 0.0196819 -0.01)
(0.060763 0.0196819 0)
(0.0588303 0.0208407 -0.01)
(0.0588303 0.0208407 0)
(0.059537 0.0210901 -0.01)
(0.059537 0.0210901 0)
(0.0603076 0.0213621 -0.01)
(0.0603076 0.0213621 0)
(0.0610151 0.0216118 -0.01)
(0.0610151 0.0216118 0)
(0.0616147 0.0198035 -0.01)
(0.0616147 0.0198035 0)
(0.062517 0.0199324 -0.01)
(0.062517 0.0199324 0)
(0.0633707 0.0200544 -0.01)
(0.0633707 0.0200544 0)
(0.0642833 0.0201848 -0.01)
(0.0642833 0.0201848 0)
(0.0651703 0.0203115 -0.01)
(0.0651703 0.0203115 0)
(0.0617688 0.0218778 -0.01)
(0.0617688 0.0218778 0)
(0.0624836 0.0221301 -0.01)
(0.0624836 0.0221301 0)
(0.0632147 0.0223881 -0.01)
(0.0632147 0.0223881 0)
(0.0639482 0.022647 -0.01)
(0.0639482 0.022647 0)
(0.0661118 0.02043 -0.01)
(0.0661118 0.02043 0)
(0.0670534 0.02043 -0.01)
(0.0670534 0.02043 0)
(0.0680254 0.02043 -0.01)
(0.0680254 0.02043 0)
(0.0690081 0.02043 -0.01)
(0.0690081 0.02043 0)
(0.0699996 0.02043 -0.01)
(0.0699996 0.02043 0)
(0.0709991 0.02043 -0.01)
(0.0709991 0.02043 0)
(0.0719978 0.02043 -0.01)
(0.0719978 0.02043 0)
(0.0729994 0.02043 -0.01)
(0.0729994 0.02043 0)
(0.0739994 0.02043 -0.01)
(0.0739994 0.02043 0)
(0.0749999 0.02043 -0.01)
(0.0749999 0.02043 0)
(0.0759999 0.02043 -0.01)
(0.0759999 0.02043 0)
(0.077 0.02043 -0.01)
(0.077 0.02043 0)
(0.0646609 0.0228986 -0.01)
(0.0646609 0.0228986 0)
(0.0654225 0.0231673 -0.01)
(0.0654225 0.0231673 0)
(0.0661331 0.0234181 -0.01)
(0.0661331 0.0234181 0)
(0.0669291 0.0236991 -0.01)
(0.0669291 0.0236991 0)
(0.0676643 0.0239586 -0.01)
(0.0676643 0.0239586 0)
(0.068499 0.0242532 -0.01)
(0.068499 0.0242532 0)
(0.0693225 0.02443 -0.01)
(0.0693225 0.02443 0)
(0.0702395 0.02443 -0.01)
(0.0702395 0.02443 0)
(0.0711288 0.02443 -0.01)
(0.0711288 0.02443 0)
(0.0720881 0.02443 -0.01)
(0.0720881 0.02443 0)
(0.0730371 0.02443 -0.01)
(0.0730371 0.02443 0)
(0.0740229 0.02443 -0.01)
(0.0740229 0.02443 0)
(0.0750069 0.02443 -0.01)
(0.0750069 0.02443 0)
(0.0760037 0.02443 -0.01)
(0.0760037 0.02443 0)
(0.0770007 0.02443 -0.01)
(0.0770007 0.02443 0)
(0.078 0.02043 -0.01)
(0.078 0.02043 0)
(0.079001 0.02043 -0.01)
(0.079001 0.02043 0)
(0.0800018 0.02043 -0.01)
(0.0800018 0.02043 0)
(0.0810117 0.02043 -0.01)
(0.0810117 0.02043 0)
(0.082021 0.02043 -0.01)
(0.082021 0.02043 0)
(0.0830654 0.02043 -0.01)
(0.0830654 0.02043 0)
(0.0840877 0.02043 -0.01)
(0.0840877 0.02043 0)
(0.0851855 0.02043 -0.01)
(0.0851855 0.02043 0)
(0.0861782 0.02043 -0.01)
(0.0861782 0.02043 0)
(0.0872666 0.02043 -0.01)
(0.0872666 0.02043 0)
(0.0881679 0.02043 -0.01)
(0.0881679 0.02043 0)
(0.09 0.0196558 -0.01)
(0.09 0.0196558 0)
(0.0780003 0.02443 -0.01)
(0.0780003 0.02443 0)
(0.079001 0.02443 -0.01)
(0.079001 0.02443 0)
(0.0800018 0.02443 -0.01)
(0.0800018 0.02443 0)
(0.0810117 0.02443 -0.01)
(0.0810117 0.02443 0)
(0.082021 0.02443 -0.01)
(0.082021 0.02443 0)
(0.0830654 0.02443 -0.01)
(0.0830654 0.02443 0)
(0.0840877 0.02443 -0.01)
(0.0840877 0.02443 0)
(0.0851855 0.02443 -0.01)
(0.0851855 0.02443 0)
(0.0861782 0.02443 -0.01)
(0.0861782 0.02443 0)
(0.0872666 0.02443 -0.01)
(0.0872666 0.02443 0)
(0.0881679 0.02443 -0.01)
(0.0881679 0.02443 0)
(0.09 0.0253363 -0.01)
(0.09 0.0253363 0)
(0.09 0.02043 -0.01)
(0.09 0.02043 0)
(0.09 0.02443 -0.01)
(0.09 0.02443 0)
(0.09 0.03 -0.01)
(0.09 0.03 0)
)


// ************************************************************************* //
