/*--------------------------------*- C++ -*----------------------------------*\
| =========                 |                                                 |
| \\      /  F ield         | OpenFOAM: The Open Source CFD Toolbox           |
|  \\    /   O peration     | Version:  2306                                  |
|   \\  /    A nd           | Website:  www.openfoam.com                      |
|    \\/     M anipulation  |                                                 |
\*---------------------------------------------------------------------------*/
FoamFile
{
    version     2.0;
    format      ascii;
    arch        "LSB;label=32;scalar=64";
    class       labelList;
    location    "constant/polyMesh";
    object      faceProcAddressing;
}
// * * * * * * * * * * * * * * * * * * * * * * * * * * * * * * * * * * * * * //


935
(
39
40
41
42
43
44
45
46
47
48
49
50
51
52
53
54
55
56
57
58
59
60
61
62
63
64
65
66
67
68
69
70
71
72
73
74
75
76
77
78
79
80
81
82
83
84
85
86
87
88
89
90
91
92
93
95
680
681
682
683
684
685
686
687
688
689
690
691
692
693
694
695
696
697
698
699
700
701
702
703
704
705
706
707
708
709
710
711
712
713
714
715
716
717
718
719
720
721
722
723
724
725
726
727
728
729
730
731
732
733
734
735
736
737
738
739
740
742
2467
2468
2469
2470
2471
2472
2473
2474
2475
2476
2477
2478
2479
2480
2481
2483
2507
2508
2509
2510
2511
2512
2513
2514
2515
2516
2517
2518
2519
2520
2521
2522
2523
2524
2525
2526
2527
2528
2529
2530
2531
2532
2533
2534
2535
2536
2537
2539
2677
2678
2680
2681
2689
2690
2691
2692
2693
2694
2695
2696
2697
2698
2699
2700
2701
2702
2703
2704
2705
2706
2707
2708
2709
2710
2711
2712
2713
2714
2715
2716
2717
2718
2719
2720
2721
2722
2723
2725
2734
2752
2753
2755
2758
2776
2777
2778
2779
2780
2781
2782
2783
2784
2785
2786
2787
2788
2789
2790
2791
2792
2793
2794
2795
2796
2797
2798
2799
2800
2801
2802
2803
2804
2805
2806
2807
2808
2809
2810
2811
2812
2813
2814
2815
2816
2817
2818
2819
2820
2821
2822
2823
2824
2825
2826
2827
2828
2829
2830
2831
2832
2833
2834
2835
2836
2837
2838
2839
2840
2841
2842
2843
2844
2845
2846
2847
2848
2849
2850
2851
2852
2853
2854
2855
2856
2857
2858
2859
2860
2861
2862
2863
2864
2865
2866
2867
2868
2869
2870
2871
2872
2873
2874
2875
2876
2877
2878
2879
2880
2881
2882
2883
2884
2885
2886
2887
2888
2889
2890
2891
2892
2893
2894
2895
2896
2897
2898
2899
2900
2901
2902
2903
2904
2905
2906
2907
2908
2909
2910
2911
2912
2913
2914
2915
2916
2917
2918
2919
2920
2921
2922
2923
2924
2925
2926
2927
2928
2929
2930
2931
2932
2933
2934
2935
2936
2937
2938
2939
2940
2941
2942
2943
2944
2945
2946
2947
2948
2949
2950
2951
2952
2953
2954
2955
2957
2960
2978
2979
2981
2984
3002
3003
3004
3005
3006
3007
3008
3009
3010
3011
3012
3013
3014
4069
4070
4071
4072
4073
4074
4075
4076
4077
4078
4079
4112
4113
4128
4129
4130
4131
4132
4133
4134
4135
4136
4137
4139
4156
4157
4158
4159
4160
4161
4162
4163
4164
4165
4166
4167
4168
4169
4170
4171
4244
4435
4436
4451
4452
4453
4454
4455
4456
4457
4458
4459
4460
4473
4474
4475
4476
4477
4478
4479
4480
4481
4482
4483
4484
4485
4486
4487
4488
4731
4733
4735
4736
4738
4740
4741
4743
4744
4746
4748
4749
4751
4753
4755
4756
4758
4760
4762
4764
4766
4768
4770
4772
4773
4775
4777
4779
4781
4783
4785
4787
4788
4790
4792
4794
4796
4797
4799
4801
4803
4805
4806
4808
4810
4812
4813
4815
4816
4818
4820
4821
4823
4825
4827
4828
4830
4832
4834
4835
4853
4855
4857
4859
4861
4863
4865
4867
4885
4889
4900
4902
4904
4906
4908
4910
4911
4913
4915
4917
4919
4921
4923
4925
4927
4928
4930
4934
4945
5088
5090
5092
5094
5096
5097
5099
5101
5103
5105
5106
5108
5110
5112
5114
5115
5149
5151
5153
5154
5156
5158
5160
5161
6316
6318
6321
6324
6326
6328
6331
6333
6336
6338
6341
6344
6346
6348
6350
6352
6354
6356
6359
6361
6363
6365
6367
6369
6387
6389
6391
6393
6395
6397
6399
6401
6423
6425
6427
6429
6431
6434
6436
6438
6440
6442
6444
6446
6449
6452
6455
6457
6459
6461
6463
6465
6467
6469
6471
6473
6475
6477
6479
6481
6483
6485
6487
6489
6492
6494
6496
6499
6501
6503
6506
6508
6511
6514
6516
6518
6520
6522
6525
6527
6530
6532
6535
6538
6543
6563
6564
6579
6580
6581
6582
6583
6584
6585
6586
6587
6588
6601
6602
6603
6604
6605
6606
6607
6608
6609
6610
6611
6612
6613
6614
6615
6616
6859
6860
6862
6863
6865
6867
6869
6870
6871
6873
6875
6876
6878
6880
6881
6883
6885
6887
6889
6891
6893
6895
6897
6898
6900
6902
6904
6906
6908
6910
6912
6914
6915
6917
6919
6921
6923
6924
6926
6928
6930
6932
6933
6935
6937
6939
6941
6942
6943
6945
6947
6948
6950
6952
6954
6955
6957
6959
6961
6962
6964
6982
6984
6986
6988
6990
6992
6994
6996
7014
7018
7029
7031
7033
7035
7036
7038
7040
7042
7044
7046
7048
7050
7052
7053
7055
7057
7059
7063
7074
7217
7219
7221
7223
7224
7226
7228
7230
7232
7233
7235
7237
7239
7241
7242
7244
7278
7280
7281
7283
7285
7287
7288
7290
8446
8448
8451
8453
8455
8458
8460
8462
8466
8468
8471
8473
8475
8477
8479
8481
8484
8486
8488
8490
8492
8494
8496
8498
8516
8518
8520
8522
8524
8526
8528
8530
8552
8554
8556
8559
8561
8563
8565
8567
8569
8571
8574
8576
8579
8583
8585
8587
8589
8591
8593
8595
8597
8599
8601
8603
8605
8607
8609
8611
8613
8615
8617
8619
8622
8624
8626
8629
8631
8633
8636
8638
8641
8643
8646
8648
8650
8652
8654
8657
8659
8662
8665
8671
-37
-677
2733
-2750
2754
2756
2757
-2774
2956
2958
2959
-2976
2980
2982
2983
-3000
3015
4080
94
741
-2465
2482
-2494
-2497
-2505
2538
-2541
-2675
2679
-2687
2724
-2731
)


// ************************************************************************* //
