/*--------------------------------*- C++ -*----------------------------------*\
| =========                 |                                                 |
| \\      /  F ield         | OpenFOAM: The Open Source CFD Toolbox           |
|  \\    /   O peration     | Version:  2306                                  |
|   \\  /    A nd           | Website:  www.openfoam.com                      |
|    \\/     M anipulation  |                                                 |
\*---------------------------------------------------------------------------*/
FoamFile
{
    version     2.0;
    format      ascii;
    arch        "LSB;label=32;scalar=64";
    class       faceList;
    location    "constant/polyMesh";
    object      faces;
}
// * * * * * * * * * * * * * * * * * * * * * * * * * * * * * * * * * * * * * //


935
(
4(3 2 456 457)
4(0 2 3 1)
4(5 4 458 459)
4(2 4 5 3)
4(31 30 460 461)
4(4 30 31 5)
4(33 32 462 463)
4(30 32 33 31)
4(35 34 464 465)
4(32 34 35 33)
4(37 36 466 467)
4(34 36 37 35)
4(183 182 468 469)
4(36 182 183 37)
4(185 184 470 471)
4(182 184 185 183)
4(187 186 472 473)
4(184 186 187 185)
4(188 474 475 189)
4(186 188 189 187)
4(223 222 476 477)
4(188 222 223 189)
4(225 224 480 481)
4(222 224 225 223)
4(224 478 479 225)
4(231 230 482 483)
4(224 230 231 225)
4(233 232 484 485)
4(230 232 233 231)
4(239 238 486 487)
4(232 238 239 233)
4(241 240 488 489)
4(238 240 241 239)
4(311 310 490 491)
4(240 310 311 241)
4(313 312 492 493)
4(310 312 313 311)
4(319 318 494 495)
4(312 318 319 313)
4(321 320 496 497)
4(318 320 321 319)
4(327 326 498 499)
4(320 326 327 321)
4(329 328 500 501)
4(326 328 329 327)
4(335 334 502 503)
4(328 334 335 329)
4(337 336 504 505)
4(334 336 337 335)
4(443 442 506 507)
4(336 442 443 337)
4(445 444 508 509)
4(442 444 445 443)
4(451 450 510 511)
4(444 450 451 445)
4(450 452 453 451)
4(14 15 17 16)
4(8 16 17 9)
4(6 7 15 14)
4(18 19 21 20)
4(16 20 21 17)
4(14 15 19 18)
4(38 39 41 40)
4(20 40 41 21)
4(18 19 39 38)
4(42 43 45 44)
4(40 44 45 41)
4(38 39 43 42)
4(54 55 57 56)
4(44 56 57 45)
4(42 43 55 54)
4(58 59 61 60)
4(56 60 61 57)
4(54 55 59 58)
4(190 191 193 192)
4(60 192 193 61)
4(58 59 191 190)
4(194 195 197 196)
4(192 196 197 193)
4(190 191 195 194)
4(206 207 209 208)
4(196 208 209 197)
4(194 195 207 206)
4(210 211 213 212)
4(208 212 213 209)
4(206 207 211 210)
4(226 227 229 228)
4(212 228 229 213)
4(210 211 227 226)
4(228 232 233 229)
4(226 227 231 230)
4(234 238 239 235)
4(228 234 235 229)
4(236 240 241 237)
4(234 236 237 235)
4(306 310 311 307)
4(236 306 307 237)
4(308 312 313 309)
4(306 308 309 307)
4(314 318 319 315)
4(308 314 315 309)
4(316 320 321 317)
4(314 316 317 315)
4(322 326 327 323)
4(316 322 323 317)
4(324 328 329 325)
4(322 324 325 323)
4(330 334 335 331)
4(324 330 331 325)
4(332 336 337 333)
4(330 332 333 331)
4(438 442 443 439)
4(332 438 439 333)
4(440 444 445 441)
4(438 440 441 439)
4(446 450 451 447)
4(440 446 447 441)
4(446 448 449 447)
4(434 435 447 446)
4(434 436 437 435)
4(428 429 441 440)
4(428 434 435 429)
4(426 427 439 438)
4(426 428 429 427)
4(304 426 427 305)
4(304 305 333 332)
4(422 426 427 423)
4(300 422 423 301)
4(300 301 305 304)
4(424 428 429 425)
4(422 424 425 423)
4(430 434 435 431)
4(424 430 431 425)
4(430 432 433 431)
4(414 415 417 416)
4(396 397 415 414)
4(396 398 399 397)
4(418 419 421 420)
4(414 415 419 418)
4(418 419 431 430)
4(412 413 425 424)
4(412 418 419 413)
4(410 411 423 422)
4(410 412 413 411)
4(288 410 411 289)
4(288 289 301 300)
4(406 410 411 407)
4(284 406 407 285)
4(284 285 289 288)
4(408 412 413 409)
4(406 408 409 407)
4(408 414 415 409)
4(390 391 409 408)
4(390 396 397 391)
4(388 389 407 406)
4(388 390 391 389)
4(180 388 389 181)
4(180 181 285 284)
4(384 388 389 385)
4(176 384 385 177)
4(176 177 181 180)
4(386 390 391 387)
4(384 386 387 385)
4(392 396 397 393)
4(386 392 393 387)
4(392 394 395 393)
4(382 402 403 383)
4(382 383 395 394)
4(378 400 401 379)
4(378 379 383 382)
4(360 361 379 378)
4(360 366 367 361)
4(376 377 379 378)
4(358 359 377 376)
4(358 360 361 359)
4(380 381 383 382)
4(376 377 381 380)
4(380 381 393 392)
4(374 375 387 386)
4(374 380 381 375)
4(372 373 385 384)
4(372 374 375 373)
4(164 372 373 165)
4(164 165 177 176)
4(368 372 373 369)
4(160 368 369 161)
4(160 161 165 164)
4(370 374 375 371)
4(368 370 371 369)
4(370 376 377 371)
4(352 353 371 370)
4(352 358 359 353)
4(350 351 369 368)
4(350 352 353 351)
4(116 350 351 117)
4(116 117 161 160)
4(346 350 351 347)
4(112 346 347 113)
4(112 113 117 116)
4(348 352 353 349)
4(346 348 349 347)
4(354 358 359 355)
4(348 354 355 349)
4(356 360 361 357)
4(354 356 357 355)
4(356 364 365 357)
4(344 345 357 356)
4(342 343 355 354)
4(340 341 349 348)
4(338 339 347 346)
4(100 101 113 112)
4(110 111 113 112)
4(98 99 111 110)
4(114 115 117 116)
4(110 111 115 114)
4(158 159 161 160)
4(114 115 159 158)
4(162 163 165 164)
4(158 159 163 162)
4(174 175 177 176)
4(162 163 175 174)
4(178 179 181 180)
4(174 175 179 178)
4(282 283 285 284)
4(178 179 283 282)
4(286 287 289 288)
4(282 283 287 286)
4(298 299 301 300)
4(286 287 299 298)
4(302 303 305 304)
4(298 299 303 302)
4(302 303 331 330)
4(296 297 325 324)
4(296 302 303 297)
4(294 295 323 322)
4(294 296 297 295)
4(272 273 317 316)
4(272 294 295 273)
4(270 271 315 314)
4(270 272 273 271)
4(264 265 309 308)
4(264 270 271 265)
4(262 263 307 306)
4(262 264 265 263)
4(220 262 263 221)
4(220 221 237 236)
4(258 262 263 259)
4(216 258 259 217)
4(216 217 221 220)
4(260 264 265 261)
4(258 260 261 259)
4(266 270 271 267)
4(260 266 267 261)
4(268 272 273 269)
4(266 268 269 267)
4(290 294 295 291)
4(268 290 291 269)
4(292 296 297 293)
4(290 292 293 291)
4(292 298 299 293)
4(280 281 293 292)
4(280 286 287 281)
4(278 279 291 290)
4(278 280 281 279)
4(256 278 279 257)
4(256 257 269 268)
4(274 278 279 275)
4(252 274 275 253)
4(252 253 257 256)
4(276 280 281 277)
4(274 276 277 275)
4(276 282 283 277)
4(172 173 277 276)
4(172 178 179 173)
4(170 171 275 274)
4(170 172 173 171)
4(148 149 253 252)
4(148 170 171 149)
4(250 251 253 252)
4(146 147 251 250)
4(146 148 149 147)
4(254 255 257 256)
4(250 251 255 254)
4(254 255 267 266)
4(248 249 261 260)
4(248 254 255 249)
4(246 247 259 258)
4(246 248 249 247)
4(204 246 247 205)
4(204 205 217 216)
4(242 246 247 243)
4(200 242 243 201)
4(200 201 205 204)
4(244 248 249 245)
4(242 244 245 243)
4(244 250 251 245)
4(140 141 245 244)
4(140 146 147 141)
4(138 139 243 242)
4(138 140 141 139)
4(68 69 201 200)
4(68 138 139 69)
4(198 199 201 200)
4(66 67 199 198)
4(66 68 69 67)
4(202 203 205 204)
4(198 199 203 202)
4(214 215 217 216)
4(202 203 215 214)
4(218 219 221 220)
4(214 215 219 218)
4(218 219 235 234)
4(212 218 219 213)
4(208 214 215 209)
4(196 202 203 197)
4(192 198 199 193)
4(60 66 67 61)
4(62 66 67 63)
4(56 62 63 57)
4(64 68 69 65)
4(62 64 65 63)
4(134 138 139 135)
4(64 134 135 65)
4(136 140 141 137)
4(134 136 137 135)
4(142 146 147 143)
4(136 142 143 137)
4(144 148 149 145)
4(142 144 145 143)
4(166 170 171 167)
4(144 166 167 145)
4(168 172 173 169)
4(166 168 169 167)
4(168 174 175 169)
4(156 157 169 168)
4(156 162 163 157)
4(154 155 167 166)
4(154 156 157 155)
4(132 154 155 133)
4(132 133 145 144)
4(150 154 155 151)
4(128 150 151 129)
4(128 129 133 132)
4(152 156 157 153)
4(150 152 153 151)
4(152 158 159 153)
4(108 109 153 152)
4(108 114 115 109)
4(106 107 151 150)
4(106 108 109 107)
4(92 93 129 128)
4(92 106 107 93)
4(126 127 129 128)
4(90 91 127 126)
4(90 92 93 91)
4(130 131 133 132)
4(126 127 131 130)
4(130 131 143 142)
4(124 125 137 136)
4(124 130 131 125)
4(122 123 135 134)
4(122 124 125 123)
4(52 122 123 53)
4(52 53 65 64)
4(118 122 123 119)
4(48 118 119 49)
4(48 49 53 52)
4(120 124 125 121)
4(118 120 121 119)
4(120 126 127 121)
4(84 85 121 120)
4(84 90 91 85)
4(82 83 119 118)
4(82 84 85 83)
4(28 82 83 29)
4(28 29 49 48)
4(78 82 83 79)
4(24 78 79 25)
4(24 25 29 28)
4(80 84 85 81)
4(78 80 81 79)
4(86 90 91 87)
4(80 86 87 81)
4(88 92 93 89)
4(86 88 89 87)
4(102 106 107 103)
4(88 102 103 89)
4(104 108 109 105)
4(102 104 105 103)
4(104 110 111 105)
4(96 97 105 104)
4(94 95 103 102)
4(76 77 89 88)
4(74 75 87 86)
4(72 73 81 80)
4(70 71 79 78)
4(12 13 25 24)
4(22 23 25 24)
4(10 11 23 22)
4(26 27 29 28)
4(22 23 27 26)
4(46 47 49 48)
4(26 27 47 46)
4(50 51 53 52)
4(46 47 51 50)
4(50 51 63 62)
4(44 50 51 45)
4(40 46 47 41)
4(20 26 27 21)
4(16 22 23 17)
4(222 226 227 223)
4(188 210 211 189)
4(186 206 207 187)
4(184 194 195 185)
4(182 190 191 183)
4(36 58 59 37)
4(34 54 55 35)
4(32 42 43 33)
4(30 38 39 31)
4(4 18 19 5)
4(2 14 15 3)
4(474 475 477 476)
4(476 477 481 480)
4(454 455 457 456)
4(456 457 459 458)
4(458 459 461 460)
4(460 461 463 462)
4(462 463 465 464)
4(464 465 467 466)
4(466 467 469 468)
4(468 469 471 470)
4(470 471 473 472)
4(472 473 475 474)
4(481 515 514 480)
4(478 479 483 482)
4(482 483 485 484)
4(484 485 487 486)
4(486 487 489 488)
4(488 489 491 490)
4(490 491 493 492)
4(492 493 495 494)
4(494 495 497 496)
4(496 497 499 498)
4(498 499 501 500)
4(500 501 503 502)
4(502 503 505 504)
4(504 505 507 506)
4(506 507 509 508)
4(508 509 511 510)
4(510 511 513 512)
4(478 514 515 479)
4(222 188 474 476)
4(224 222 476 480)
4(2 0 454 456)
4(4 2 456 458)
4(30 4 458 460)
4(32 30 460 462)
4(34 32 462 464)
4(36 34 464 466)
4(182 36 466 468)
4(184 182 468 470)
4(186 184 470 472)
4(188 186 472 474)
4(230 224 478 482)
4(232 230 482 484)
4(238 232 484 486)
4(240 238 486 488)
4(310 240 488 490)
4(312 310 490 492)
4(318 312 492 494)
4(320 318 494 496)
4(326 320 496 498)
4(328 326 498 500)
4(334 328 500 502)
4(336 334 502 504)
4(442 336 504 506)
4(444 442 506 508)
4(450 444 508 510)
4(452 450 510 512)
4(196 208 214 202)
4(202 214 216 204)
4(208 212 218 214)
4(214 218 220 216)
4(188 222 226 210)
4(210 226 228 212)
4(222 224 230 226)
4(226 230 232 228)
4(212 228 234 218)
4(218 234 236 220)
4(228 232 238 234)
4(234 238 240 236)
4(68 200 242 138)
4(138 242 244 140)
4(200 204 246 242)
4(242 246 248 244)
4(140 244 250 146)
4(146 250 252 148)
4(244 248 254 250)
4(250 254 256 252)
4(204 216 258 246)
4(246 258 260 248)
4(216 220 262 258)
4(258 262 264 260)
4(248 260 266 254)
4(254 266 268 256)
4(260 264 270 266)
4(266 270 272 268)
4(148 252 274 170)
4(170 274 276 172)
4(252 256 278 274)
4(274 278 280 276)
4(172 276 282 178)
4(178 282 284 180)
4(276 280 286 282)
4(282 286 288 284)
4(256 268 290 278)
4(278 290 292 280)
4(268 272 294 290)
4(290 294 296 292)
4(280 292 298 286)
4(286 298 300 288)
4(292 296 302 298)
4(298 302 304 300)
4(220 236 306 262)
4(262 306 308 264)
4(236 240 310 306)
4(306 310 312 308)
4(264 308 314 270)
4(270 314 316 272)
4(308 312 318 314)
4(314 318 320 316)
4(272 316 322 294)
4(294 322 324 296)
4(316 320 326 322)
4(322 326 328 324)
4(296 324 330 302)
4(302 330 332 304)
4(324 328 334 330)
4(330 334 336 332)
4(100 112 346 338)
4(338 346 348 340)
4(112 116 350 346)
4(346 350 352 348)
4(340 348 354 342)
4(342 354 356 344)
4(348 352 358 354)
4(354 358 360 356)
4(344 356 364 362)
4(356 360 366 364)
4(116 160 368 350)
4(350 368 370 352)
4(160 164 372 368)
4(368 372 374 370)
4(352 370 376 358)
4(358 376 378 360)
4(370 374 380 376)
4(376 380 382 378)
4(164 176 384 372)
4(372 384 386 374)
4(176 180 388 384)
4(384 388 390 386)
4(374 386 392 380)
4(380 392 394 382)
4(386 390 396 392)
4(392 396 398 394)
4(360 378 400 366)
4(378 382 402 400)
4(382 394 404 402)
4(180 284 406 388)
4(388 406 408 390)
4(284 288 410 406)
4(406 410 412 408)
4(390 408 414 396)
4(396 414 416 398)
4(408 412 418 414)
4(414 418 420 416)
4(288 300 422 410)
4(410 422 424 412)
4(300 304 426 422)
4(422 426 428 424)
4(412 424 430 418)
4(418 430 432 420)
4(424 428 434 430)
4(430 434 436 432)
4(304 332 438 426)
4(426 438 440 428)
4(332 336 442 438)
4(438 442 444 440)
4(428 440 446 434)
4(434 446 448 436)
4(440 444 450 446)
4(446 450 452 448)
4(0 2 14 6)
4(6 14 16 8)
4(2 4 18 14)
4(14 18 20 16)
4(8 16 22 10)
4(10 22 24 12)
4(16 20 26 22)
4(22 26 28 24)
4(4 30 38 18)
4(18 38 40 20)
4(30 32 42 38)
4(38 42 44 40)
4(20 40 46 26)
4(26 46 48 28)
4(40 44 50 46)
4(46 50 52 48)
4(32 34 54 42)
4(42 54 56 44)
4(34 36 58 54)
4(54 58 60 56)
4(44 56 62 50)
4(50 62 64 52)
4(56 60 66 62)
4(62 66 68 64)
4(12 24 78 70)
4(70 78 80 72)
4(24 28 82 78)
4(78 82 84 80)
4(72 80 86 74)
4(74 86 88 76)
4(80 84 90 86)
4(86 90 92 88)
4(76 88 102 94)
4(94 102 104 96)
4(88 92 106 102)
4(102 106 108 104)
4(96 104 110 98)
4(98 110 112 100)
4(104 108 114 110)
4(110 114 116 112)
4(28 48 118 82)
4(82 118 120 84)
4(48 52 122 118)
4(118 122 124 120)
4(84 120 126 90)
4(90 126 128 92)
4(120 124 130 126)
4(126 130 132 128)
4(52 64 134 122)
4(122 134 136 124)
4(64 68 138 134)
4(134 138 140 136)
4(124 136 142 130)
4(130 142 144 132)
4(136 140 146 142)
4(142 146 148 144)
4(92 128 150 106)
4(106 150 152 108)
4(128 132 154 150)
4(150 154 156 152)
4(108 152 158 114)
4(114 158 160 116)
4(152 156 162 158)
4(158 162 164 160)
4(132 144 166 154)
4(154 166 168 156)
4(144 148 170 166)
4(166 170 172 168)
4(156 168 174 162)
4(162 174 176 164)
4(168 172 178 174)
4(174 178 180 176)
4(36 182 190 58)
4(58 190 192 60)
4(182 184 194 190)
4(190 194 196 192)
4(60 192 198 66)
4(66 198 200 68)
4(192 196 202 198)
4(198 202 204 200)
4(184 186 206 194)
4(194 206 208 196)
4(186 188 210 206)
4(206 210 212 208)
4(224 480 514 478)
4(189 223 477 475)
4(223 225 481 477)
4(1 3 457 455)
4(3 5 459 457)
4(5 31 461 459)
4(31 33 463 461)
4(33 35 465 463)
4(35 37 467 465)
4(37 183 469 467)
4(183 185 471 469)
4(185 187 473 471)
4(187 189 475 473)
4(225 231 483 479)
4(231 233 485 483)
4(233 239 487 485)
4(239 241 489 487)
4(241 311 491 489)
4(311 313 493 491)
4(313 319 495 493)
4(319 321 497 495)
4(321 327 499 497)
4(327 329 501 499)
4(329 335 503 501)
4(335 337 505 503)
4(337 443 507 505)
4(443 445 509 507)
4(445 451 511 509)
4(451 453 513 511)
4(207 209 213 211)
4(197 203 215 209)
4(203 205 217 215)
4(209 215 219 213)
4(215 217 221 219)
4(189 211 227 223)
4(211 213 229 227)
4(223 227 231 225)
4(227 229 233 231)
4(213 219 235 229)
4(219 221 237 235)
4(229 235 239 233)
4(235 237 241 239)
4(69 139 243 201)
4(139 141 245 243)
4(201 243 247 205)
4(243 245 249 247)
4(141 147 251 245)
4(147 149 253 251)
4(245 251 255 249)
4(251 253 257 255)
4(205 247 259 217)
4(247 249 261 259)
4(217 259 263 221)
4(259 261 265 263)
4(249 255 267 261)
4(255 257 269 267)
4(261 267 271 265)
4(267 269 273 271)
4(149 171 275 253)
4(171 173 277 275)
4(253 275 279 257)
4(275 277 281 279)
4(173 179 283 277)
4(179 181 285 283)
4(277 283 287 281)
4(283 285 289 287)
4(257 279 291 269)
4(279 281 293 291)
4(269 291 295 273)
4(291 293 297 295)
4(281 287 299 293)
4(287 289 301 299)
4(293 299 303 297)
4(299 301 305 303)
4(221 263 307 237)
4(263 265 309 307)
4(237 307 311 241)
4(307 309 313 311)
4(265 271 315 309)
4(271 273 317 315)
4(309 315 319 313)
4(315 317 321 319)
4(273 295 323 317)
4(295 297 325 323)
4(317 323 327 321)
4(323 325 329 327)
4(297 303 331 325)
4(303 305 333 331)
4(325 331 335 329)
4(331 333 337 335)
4(101 339 347 113)
4(339 341 349 347)
4(113 347 351 117)
4(347 349 353 351)
4(341 343 355 349)
4(343 345 357 355)
4(349 355 359 353)
4(355 357 361 359)
4(345 363 365 357)
4(357 365 367 361)
4(117 351 369 161)
4(351 353 371 369)
4(161 369 373 165)
4(369 371 375 373)
4(353 359 377 371)
4(359 361 379 377)
4(371 377 381 375)
4(377 379 383 381)
4(165 373 385 177)
4(373 375 387 385)
4(177 385 389 181)
4(385 387 391 389)
4(375 381 393 387)
4(381 383 395 393)
4(387 393 397 391)
4(393 395 399 397)
4(361 367 401 379)
4(379 401 403 383)
4(383 403 405 395)
4(181 389 407 285)
4(389 391 409 407)
4(285 407 411 289)
4(407 409 413 411)
4(391 397 415 409)
4(397 399 417 415)
4(409 415 419 413)
4(415 417 421 419)
4(289 411 423 301)
4(411 413 425 423)
4(301 423 427 305)
4(423 425 429 427)
4(413 419 431 425)
4(419 421 433 431)
4(425 431 435 429)
4(431 433 437 435)
4(305 427 439 333)
4(427 429 441 439)
4(333 439 443 337)
4(439 441 445 443)
4(429 435 447 441)
4(435 437 449 447)
4(441 447 451 445)
4(447 449 453 451)
4(1 7 15 3)
4(7 9 17 15)
4(3 15 19 5)
4(15 17 21 19)
4(9 11 23 17)
4(11 13 25 23)
4(17 23 27 21)
4(23 25 29 27)
4(5 19 39 31)
4(19 21 41 39)
4(31 39 43 33)
4(39 41 45 43)
4(21 27 47 41)
4(27 29 49 47)
4(41 47 51 45)
4(47 49 53 51)
4(33 43 55 35)
4(43 45 57 55)
4(35 55 59 37)
4(55 57 61 59)
4(45 51 63 57)
4(51 53 65 63)
4(57 63 67 61)
4(63 65 69 67)
4(13 71 79 25)
4(71 73 81 79)
4(25 79 83 29)
4(79 81 85 83)
4(73 75 87 81)
4(75 77 89 87)
4(81 87 91 85)
4(87 89 93 91)
4(77 95 103 89)
4(95 97 105 103)
4(89 103 107 93)
4(103 105 109 107)
4(97 99 111 105)
4(99 101 113 111)
4(105 111 115 109)
4(111 113 117 115)
4(29 83 119 49)
4(83 85 121 119)
4(49 119 123 53)
4(119 121 125 123)
4(85 91 127 121)
4(91 93 129 127)
4(121 127 131 125)
4(127 129 133 131)
4(53 123 135 65)
4(123 125 137 135)
4(65 135 139 69)
4(135 137 141 139)
4(125 131 143 137)
4(131 133 145 143)
4(137 143 147 141)
4(143 145 149 147)
4(93 107 151 129)
4(107 109 153 151)
4(129 151 155 133)
4(151 153 157 155)
4(109 115 159 153)
4(115 117 161 159)
4(153 159 163 157)
4(159 161 165 163)
4(133 155 167 145)
4(155 157 169 167)
4(145 167 171 149)
4(167 169 173 171)
4(157 163 175 169)
4(163 165 177 175)
4(169 175 179 173)
4(175 177 181 179)
4(37 59 191 183)
4(59 61 193 191)
4(183 191 195 185)
4(191 193 197 195)
4(61 67 199 193)
4(67 69 201 199)
4(193 199 203 197)
4(199 201 205 203)
4(185 195 207 187)
4(195 197 209 207)
4(187 207 211 189)
4(225 479 515 481)
4(1 455 454 0)
4(6 8 9 7)
4(344 362 363 345)
4(342 344 345 343)
4(340 342 343 341)
4(338 340 341 339)
4(100 338 339 101)
4(98 100 101 99)
4(96 98 99 97)
4(94 96 97 95)
4(76 94 95 77)
4(74 76 77 75)
4(72 74 75 73)
4(70 72 73 71)
4(12 70 71 13)
4(10 12 13 11)
4(8 10 11 9)
4(0 6 7 1)
4(453 452 512 513)
4(448 452 453 449)
4(436 448 449 437)
4(432 436 437 433)
4(420 432 433 421)
4(416 420 421 417)
4(398 416 417 399)
4(394 398 399 395)
4(394 395 405 404)
4(402 404 405 403)
4(400 402 403 401)
4(366 400 401 367)
4(364 366 367 365)
4(362 364 365 363)
)


// ************************************************************************* //
