/*--------------------------------*- C++ -*----------------------------------*\
| =========                 |                                                 |
| \\      /  F ield         | OpenFOAM: The Open Source CFD Toolbox           |
|  \\    /   O peration     | Version:  2306                                  |
|   \\  /    A nd           | Website:  www.openfoam.com                      |
|    \\/     M anipulation  |                                                 |
\*---------------------------------------------------------------------------*/
FoamFile
{
    version     2.0;
    format      ascii;
    arch        "LSB;label=32;scalar=64";
    note        "nPoints:516  nCells:226  nFaces:935  nInternalFaces:421";
    class       labelList;
    location    "constant/polyMesh";
    object      neighbour;
}
// * * * * * * * * * * * * * * * * * * * * * * * * * * * * * * * * * * * * * //


421
(
1
225
2
224
3
223
4
222
5
221
6
220
7
219
8
218
9
217
10
216
11
215
12
214
13
14
214
15
40
16
41
17
42
18
43
19
44
20
45
21
46
22
47
23
48
24
49
25
50
26
51
27
52
28
53
54
30
213
225
31
212
224
32
211
223
33
210
222
34
209
221
35
160
220
36
159
219
37
158
218
38
157
217
39
156
216
40
155
215
41
214
42
155
43
154
44
121
45
120
46
119
47
118
48
117
49
116
50
115
51
114
52
58
53
57
54
56
55
56
62
57
61
58
60
59
114
60
68
113
61
67
62
66
65
64
72
78
65
71
66
67
71
68
70
69
112
70
74
111
71
73
72
73
77
74
76
75
110
76
87
109
77
86
78
85
84
80
84
81
83
82
98
83
91
97
84
90
85
86
90
87
89
88
108
89
93
107
90
92
91
92
96
93
95
94
106
95
103
105
96
102
97
101
98
100
99
100
101
102
103
104
105
197
106
196
107
175
108
174
109
169
110
168
111
135
112
134
113
129
114
128
115
116
128
117
127
118
126
119
125
120
124
121
123
122
154
123
143
153
124
142
125
141
126
140
127
131
128
130
129
130
134
131
133
132
140
133
137
139
134
136
135
136
168
137
167
138
166
139
147
165
140
146
141
142
146
143
145
144
152
145
149
151
146
148
147
148
164
149
163
150
162
151
159
161
152
158
153
157
154
156
155
156
157
158
159
160
161
209
162
208
163
183
164
182
165
181
166
180
167
171
168
170
169
170
174
171
173
172
180
173
177
179
174
176
175
176
196
177
195
178
194
179
187
193
180
186
181
182
186
183
185
184
208
185
189
207
186
188
187
188
192
189
191
190
206
191
203
205
192
202
193
201
194
200
195
199
196
198
197
198
199
200
201
202
203
204
205
213
206
212
207
211
208
210
209
210
211
212
213
215
216
217
218
219
220
221
222
223
224
225
)


// ************************************************************************* //
