/*--------------------------------*- C++ -*----------------------------------*\
| =========                 |                                                 |
| \\      /  F ield         | OpenFOAM: The Open Source CFD Toolbox           |
|  \\    /   O peration     | Version:  2306                                  |
|   \\  /    A nd           | Website:  www.openfoam.com                      |
|    \\/     M anipulation  |                                                 |
\*---------------------------------------------------------------------------*/
FoamFile
{
    version     2.0;
    format      ascii;
    arch        "LSB;label=32;scalar=64";
    note        "nPoints:516  nCells:226  nFaces:935  nInternalFaces:421";
    class       labelList;
    location    "constant/polyMesh";
    object      owner;
}
// * * * * * * * * * * * * * * * * * * * * * * * * * * * * * * * * * * * * * //


935
(
0
0
1
1
2
2
3
3
4
4
5
5
6
6
7
7
8
8
9
9
10
10
11
11
12
13
13
14
14
15
15
16
16
17
17
18
18
19
19
20
20
21
21
22
22
23
23
24
24
25
25
26
26
27
27
28
29
29
29
30
30
30
31
31
31
32
32
32
33
33
33
34
34
34
35
35
35
36
36
36
37
37
37
38
38
38
39
39
39
40
40
41
41
42
42
43
43
44
44
45
45
46
46
47
47
48
48
49
49
50
50
51
51
52
52
53
53
54
55
55
56
56
57
57
58
58
59
59
59
60
60
61
61
62
63
63
63
64
64
65
66
66
67
67
68
68
69
69
69
70
70
71
72
72
73
73
74
74
75
75
75
76
76
77
77
78
79
79
80
80
81
81
82
82
82
83
83
84
85
85
86
86
87
87
88
88
88
89
89
90
91
91
92
92
93
93
94
94
94
95
95
96
96
97
97
98
99
100
101
102
103
104
104
105
105
106
106
107
107
108
108
109
109
110
110
111
111
112
112
113
113
114
115
115
116
116
117
117
118
118
119
119
120
120
121
121
122
122
122
123
123
124
124
125
125
126
126
127
127
128
129
129
130
130
131
131
132
132
132
133
133
134
135
135
136
136
137
137
138
138
138
139
139
140
141
141
142
142
143
143
144
144
144
145
145
146
147
147
148
148
149
149
150
150
150
151
151
152
152
153
153
154
155
156
157
158
159
160
160
161
161
162
162
163
163
164
164
165
165
166
166
167
167
168
169
169
170
170
171
171
172
172
172
173
173
174
175
175
176
176
177
177
178
178
178
179
179
180
181
181
182
182
183
183
184
184
184
185
185
186
187
187
188
188
189
189
190
190
190
191
191
192
192
193
193
194
194
195
195
196
197
198
199
200
201
202
203
204
204
205
205
206
206
207
207
208
209
210
211
212
214
215
216
217
218
219
220
221
222
223
224
10
11
0
1
2
3
4
5
6
7
8
9
12
13
14
15
16
17
18
19
20
21
22
23
24
25
26
27
28
12
10
11
0
1
2
3
4
5
6
7
8
9
13
14
15
16
17
18
19
20
21
22
23
24
25
26
27
28
157
152
156
153
215
39
214
40
155
154
41
42
149
148
144
145
147
138
146
139
143
142
122
123
141
140
124
125
137
136
132
133
135
110
134
111
131
130
126
127
129
112
128
113
121
120
43
44
119
118
45
46
117
116
47
48
115
114
49
50
103
102
94
95
101
100
96
97
99
98
93
92
88
89
91
82
90
83
87
86
75
76
85
84
77
78
81
80
79
74
73
69
70
72
63
71
64
68
67
59
60
66
65
61
62
58
57
51
52
56
55
53
54
225
29
224
30
213
204
212
205
223
31
222
32
211
206
210
207
221
33
220
34
209
208
160
161
203
202
190
191
201
200
192
193
199
198
194
195
197
104
196
105
189
188
184
185
187
178
186
179
183
182
162
163
181
180
164
165
177
176
172
173
175
106
174
107
171
170
166
167
169
108
168
109
219
35
218
36
159
150
158
151
217
37
216
38
12
10
11
0
1
2
3
4
5
6
7
8
9
13
14
15
16
17
18
19
20
21
22
23
24
25
26
27
28
38
157
152
156
153
215
39
214
40
155
154
41
42
149
148
144
145
147
138
146
139
143
142
122
123
141
140
124
125
137
136
132
133
135
110
134
111
131
130
126
127
129
112
128
113
121
120
43
44
119
118
45
46
117
116
47
48
115
114
49
50
103
102
94
95
101
100
96
97
99
98
93
92
88
89
91
82
90
83
87
86
75
76
85
84
77
78
81
80
79
74
73
69
70
72
63
71
64
68
67
59
60
66
65
61
62
58
57
51
52
56
55
53
54
225
29
224
30
213
204
212
205
223
31
222
32
211
206
210
207
221
33
220
34
209
208
160
161
203
202
190
191
201
200
192
193
199
198
194
195
197
104
196
105
189
188
184
185
187
178
186
179
183
182
162
163
181
180
164
165
177
176
172
173
175
106
174
107
171
170
166
167
169
108
168
109
219
35
218
36
159
150
158
151
217
37
216
12
0
29
99
100
101
102
103
104
197
198
199
200
201
202
203
204
213
225
28
54
55
62
65
64
63
78
79
79
80
81
98
99
)


// ************************************************************************* //
