/*--------------------------------*- C++ -*----------------------------------*\
| =========                 |                                                 |
| \\      /  F ield         | OpenFOAM: The Open Source CFD Toolbox           |
|  \\    /   O peration     | Version:  2306                                  |
|   \\  /    A nd           | Website:  www.openfoam.com                      |
|    \\/     M anipulation  |                                                 |
\*---------------------------------------------------------------------------*/
FoamFile
{
    version     2.0;
    format      ascii;
    arch        "LSB;label=32;scalar=64";
    class       vectorField;
    location    "constant/polyMesh";
    object      points;
}
// * * * * * * * * * * * * * * * * * * * * * * * * * * * * * * * * * * * * * //


516
(
(0.000883395 0.017 -0.01)
(0.000883395 0.017 0)
(0.000883403 0.0180002 -0.01)
(0.000883403 0.0180002 0)
(0.000883433 0.0190009 -0.01)
(0.000883433 0.0190009 0)
(0.00182109 0.017 -0.01)
(0.00182109 0.017 0)
(0.00283502 0.017 -0.01)
(0.00283502 0.017 0)
(0.00389491 0.017 -0.01)
(0.00389491 0.017 0)
(0.00495108 0.017 -0.01)
(0.00495108 0.017 0)
(0.0018211 0.0180001 -0.01)
(0.0018211 0.0180001 0)
(0.00283503 0.0180001 -0.01)
(0.00283503 0.0180001 0)
(0.00182114 0.0190007 -0.01)
(0.00182114 0.0190007 0)
(0.00283505 0.0190003 -0.01)
(0.00283505 0.0190003 0)
(0.00389491 0.018 -0.01)
(0.00389491 0.018 0)
(0.00495108 0.018 -0.01)
(0.00495108 0.018 0)
(0.00389492 0.0190001 -0.01)
(0.00389492 0.0190001 0)
(0.00495109 0.019 -0.01)
(0.00495109 0.019 0)
(0.000883506 0.020003 -0.01)
(0.000883506 0.020003 0)
(0.000883698 0.0210089 -0.01)
(0.000883698 0.0210089 0)
(0.000883939 0.0220207 -0.01)
(0.000883939 0.0220207 0)
(0.000884185 0.0230458 -0.01)
(0.000884185 0.0230458 0)
(0.00182125 0.020002 -0.01)
(0.00182125 0.020002 0)
(0.00283512 0.020001 -0.01)
(0.00283512 0.020001 0)
(0.00182148 0.0210056 -0.01)
(0.00182148 0.0210056 0)
(0.00283524 0.0210029 -0.01)
(0.00283524 0.0210029 0)
(0.00389494 0.0200004 -0.01)
(0.00389494 0.0200004 0)
(0.00495109 0.0200001 -0.01)
(0.00495109 0.0200001 0)
(0.00389495 0.0210013 -0.01)
(0.00389495 0.0210013 0)
(0.00495107 0.0210006 -0.01)
(0.00495107 0.0210006 0)
(0.00182177 0.0220138 -0.01)
(0.00182177 0.0220138 0)
(0.00283521 0.0220077 -0.01)
(0.00283521 0.0220077 0)
(0.00182168 0.0230309 -0.01)
(0.00182168 0.0230309 0)
(0.00283428 0.0230195 -0.01)
(0.00283428 0.0230195 0)
(0.00389467 0.0220041 -0.01)
(0.00389467 0.0220041 0)
(0.00495083 0.0220022 -0.01)
(0.00495083 0.0220022 0)
(0.00389329 0.0230121 -0.01)
(0.00389329 0.0230121 0)
(0.00494974 0.0230079 -0.01)
(0.00494974 0.0230079 0)
(0.00598283 0.017 -0.01)
(0.00598283 0.017 0)
(0.00699542 0.017 -0.01)
(0.00699542 0.017 0)
(0.00799909 0.017 -0.01)
(0.00799909 0.017 0)
(0.00899988 0.017 -0.01)
(0.00899988 0.017 0)
(0.00598283 0.018 -0.01)
(0.00598283 0.018 0)
(0.00699542 0.018 -0.01)
(0.00699542 0.018 0)
(0.00598283 0.019 -0.01)
(0.00598283 0.019 0)
(0.00699542 0.019 -0.01)
(0.00699542 0.019 0)
(0.00799909 0.018 -0.01)
(0.00799909 0.018 0)
(0.00899988 0.018 -0.01)
(0.00899988 0.018 0)
(0.00799909 0.019 -0.01)
(0.00799909 0.019 0)
(0.00899988 0.019 -0.01)
(0.00899988 0.019 0)
(0.01 0.017 -0.01)
(0.01 0.017 0)
(0.011 0.017 -0.01)
(0.011 0.017 0)
(0.012 0.017 -0.01)
(0.012 0.017 0)
(0.013 0.017 -0.01)
(0.013 0.017 0)
(0.01 0.018 -0.01)
(0.01 0.018 0)
(0.011 0.018 -0.01)
(0.011 0.018 0)
(0.01 0.019 -0.01)
(0.01 0.019 0)
(0.011 0.019 -0.01)
(0.011 0.019 0)
(0.012 0.018 -0.01)
(0.012 0.018 0)
(0.013 0.018 -0.01)
(0.013 0.018 0)
(0.012 0.019 -0.01)
(0.012 0.019 0)
(0.013 0.019 -0.01)
(0.013 0.019 0)
(0.00598283 0.0200001 -0.01)
(0.00598283 0.0200001 0)
(0.00699542 0.02 -0.01)
(0.00699542 0.02 0)
(0.00598282 0.0210003 -0.01)
(0.00598282 0.0210003 0)
(0.00699542 0.0210002 -0.01)
(0.00699542 0.0210002 0)
(0.00799909 0.02 -0.01)
(0.00799909 0.02 0)
(0.00899988 0.02 -0.01)
(0.00899988 0.02 0)
(0.00799909 0.0210001 -0.01)
(0.00799909 0.0210001 0)
(0.00899988 0.0210001 -0.01)
(0.00899988 0.0210001 0)
(0.00598269 0.0220014 -0.01)
(0.00598269 0.0220014 0)
(0.00699536 0.022001 -0.01)
(0.00699536 0.022001 0)
(0.00598209 0.0230057 -0.01)
(0.00598209 0.0230057 0)
(0.0069951 0.0230049 -0.01)
(0.0069951 0.0230049 0)
(0.00799907 0.0220009 -0.01)
(0.00799907 0.0220009 0)
(0.00899987 0.0220009 -0.01)
(0.00899987 0.0220009 0)
(0.00799897 0.0230046 -0.01)
(0.00799897 0.0230046 0)
(0.00899984 0.0230046 -0.01)
(0.00899984 0.0230046 0)
(0.01 0.02 -0.01)
(0.01 0.02 0)
(0.011 0.02 -0.01)
(0.011 0.02 0)
(0.01 0.0210001 -0.01)
(0.01 0.0210001 0)
(0.011 0.0210001 -0.01)
(0.011 0.0210001 0)
(0.012 0.02 -0.01)
(0.012 0.02 0)
(0.013 0.02 -0.01)
(0.013 0.02 0)
(0.012 0.0210001 -0.01)
(0.012 0.0210001 0)
(0.013 0.0210001 -0.01)
(0.013 0.0210001 0)
(0.01 0.0220009 -0.01)
(0.01 0.0220009 0)
(0.011 0.0220009 -0.01)
(0.011 0.0220009 0)
(0.00999999 0.0230046 -0.01)
(0.00999999 0.0230046 0)
(0.011 0.0230046 -0.01)
(0.011 0.0230046 0)
(0.012 0.0220009 -0.01)
(0.012 0.0220009 0)
(0.013 0.0220009 -0.01)
(0.013 0.0220009 0)
(0.012 0.0230046 -0.01)
(0.012 0.0230046 0)
(0.013 0.0230046 -0.01)
(0.013 0.0230046 0)
(0.000883614 0.0240811 -0.01)
(0.000883614 0.0240811 0)
(0.00088099 0.0251403 -0.01)
(0.00088099 0.0251403 0)
(0.000873879 0.0261909 -0.01)
(0.000873879 0.0261909 0)
(0.000862671 0.0272392 -0.01)
(0.000862671 0.0272392 0)
(0.00181994 0.0240624 -0.01)
(0.00181994 0.0240624 0)
(0.00283073 0.0240453 -0.01)
(0.00283073 0.0240453 0)
(0.00181391 0.025115 -0.01)
(0.00181391 0.025115 0)
(0.00282151 0.0250933 -0.01)
(0.00282151 0.0250933 0)
(0.003889 0.0240325 -0.01)
(0.003889 0.0240325 0)
(0.00494639 0.0240242 -0.01)
(0.00494639 0.0240242 0)
(0.00387908 0.0250744 -0.01)
(0.00387908 0.0250744 0)
(0.00493871 0.0250611 -0.01)
(0.00493871 0.0250611 0)
(0.00180016 0.0261813 -0.01)
(0.00180016 0.0261813 0)
(0.00280357 0.026161 -0.01)
(0.00280357 0.026161 0)
(0.00178057 0.0272357 -0.01)
(0.00178057 0.0272357 0)
(0.00277952 0.0272193 -0.01)
(0.00277952 0.0272193 0)
(0.00386129 0.0261381 -0.01)
(0.00386129 0.0261381 0)
(0.00492498 0.0261206 -0.01)
(0.00492498 0.0261206 0)
(0.00383772 0.0271958 -0.01)
(0.00383772 0.0271958 0)
(0.00490556 0.0271782 -0.01)
(0.00490556 0.0271782 0)
(0.000857749 0.0282126 -0.01)
(0.000857749 0.0282126 0)
(0.000866606 0.0291326 -0.01)
(0.000866606 0.0291326 0)
(0.00177061 0.0282281 -0.01)
(0.00177061 0.0282281 0)
(0.00276254 0.0282186 -0.01)
(0.00276254 0.0282186 0)
(0.0017853 0.0291416 -0.01)
(0.0017853 0.0291416 0)
(0.00275874 0.0291369 -0.01)
(0.00275874 0.0291369 0)
(0.00381662 0.0281994 -0.01)
(0.00381662 0.0281994 0)
(0.00488314 0.0281858 -0.01)
(0.00488314 0.0281858 0)
(0.00380571 0.0291259 -0.01)
(0.00380571 0.0291259 0)
(0.00485753 0.0291189 -0.01)
(0.00485753 0.0291189 0)
(0.00598018 0.0240198 -0.01)
(0.00598018 0.0240198 0)
(0.00699422 0.0240179 -0.01)
(0.00699422 0.0240179 0)
(0.00597562 0.0250535 -0.01)
(0.00597562 0.0250535 0)
(0.00699202 0.0250502 -0.01)
(0.00699202 0.0250502 0)
(0.00799862 0.0240173 -0.01)
(0.00799862 0.0240173 0)
(0.00899971 0.0240172 -0.01)
(0.00899971 0.0240172 0)
(0.0079977 0.0250492 -0.01)
(0.0079977 0.0250492 0)
(0.00899938 0.0250489 -0.01)
(0.00899938 0.0250489 0)
(0.00596706 0.0261109 -0.01)
(0.00596706 0.0261109 0)
(0.00698757 0.0261067 -0.01)
(0.00698757 0.0261067 0)
(0.0059538 0.0271691 -0.01)
(0.0059538 0.0271691 0)
(0.00697986 0.0271656 -0.01)
(0.00697986 0.0271656 0)
(0.00799572 0.0261053 -0.01)
(0.00799572 0.0261053 0)
(0.00899861 0.026105 -0.01)
(0.00899861 0.026105 0)
(0.0079919 0.0271647 -0.01)
(0.0079919 0.0271647 0)
(0.00899695 0.0271647 -0.01)
(0.00899695 0.0271647 0)
(0.00999995 0.0240172 -0.01)
(0.00999995 0.0240172 0)
(0.011 0.0240172 -0.01)
(0.011 0.0240172 0)
(0.00999984 0.0250489 -0.01)
(0.00999984 0.0250489 0)
(0.011 0.0250489 -0.01)
(0.011 0.0250489 0)
(0.012 0.0240172 -0.01)
(0.012 0.0240172 0)
(0.013 0.0240172 -0.01)
(0.013 0.0240172 0)
(0.012 0.0250489 -0.01)
(0.012 0.0250489 0)
(0.013 0.0250489 -0.01)
(0.013 0.0250489 0)
(0.00999958 0.0261051 -0.01)
(0.00999958 0.0261051 0)
(0.0109999 0.0261051 -0.01)
(0.0109999 0.0261051 0)
(0.00999895 0.0271649 -0.01)
(0.00999895 0.0271649 0)
(0.0109997 0.0271649 -0.01)
(0.0109997 0.0271649 0)
(0.012 0.0261051 -0.01)
(0.012 0.0261051 0)
(0.013 0.0261051 -0.01)
(0.013 0.0261051 0)
(0.0119999 0.027165 -0.01)
(0.0119999 0.027165 0)
(0.013 0.027165 -0.01)
(0.013 0.027165 0)
(0.00593604 0.0281799 -0.01)
(0.00593604 0.0281799 0)
(0.0069681 0.0281782 -0.01)
(0.0069681 0.0281782 0)
(0.00591636 0.0291163 -0.01)
(0.00591636 0.0291163 0)
(0.00695294 0.0291158 -0.01)
(0.00695294 0.0291158 0)
(0.00798554 0.0281782 -0.01)
(0.00798554 0.0281782 0)
(0.00899402 0.0281785 -0.01)
(0.00899402 0.0281785 0)
(0.00797812 0.029116 -0.01)
(0.00797812 0.029116 0)
(0.00899059 0.0291163 -0.01)
(0.00899059 0.0291163 0)
(0.0099978 0.0281787 -0.01)
(0.0099978 0.0281787 0)
(0.0109993 0.0281789 -0.01)
(0.0109993 0.0281789 0)
(0.00999672 0.0291165 -0.01)
(0.00999672 0.0291165 0)
(0.010999 0.0291166 -0.01)
(0.010999 0.0291166 0)
(0.0119998 0.0281789 -0.01)
(0.0119998 0.0281789 0)
(0.013 0.0281789 -0.01)
(0.013 0.0281789 0)
(0.0119998 0.0291166 -0.01)
(0.0119998 0.0291166 0)
(0.013 0.0291166 -0.01)
(0.013 0.0291166 0)
(0.014 0.017 -0.01)
(0.014 0.017 0)
(0.015 0.017 -0.01)
(0.015 0.017 0)
(0.016 0.017 -0.01)
(0.016 0.017 0)
(0.017 0.017 -0.01)
(0.017 0.017 0)
(0.014 0.018 -0.01)
(0.014 0.018 0)
(0.015 0.018 -0.01)
(0.015 0.018 0)
(0.014 0.019 -0.01)
(0.014 0.019 0)
(0.015 0.019 -0.01)
(0.015 0.019 0)
(0.016 0.018 -0.01)
(0.016 0.018 0)
(0.017 0.018 -0.01)
(0.017 0.018 0)
(0.016 0.019 -0.01)
(0.016 0.019 0)
(0.017 0.019 -0.01)
(0.017 0.019 0)
(0.018 0.017 -0.01)
(0.018 0.017 0)
(0.018 0.018 -0.01)
(0.018 0.018 0)
(0.018 0.019 -0.01)
(0.018 0.019 0)
(0.014 0.02 -0.01)
(0.014 0.02 0)
(0.015 0.02 -0.01)
(0.015 0.02 0)
(0.014 0.0210001 -0.01)
(0.014 0.0210001 0)
(0.015 0.0210001 -0.01)
(0.015 0.0210001 0)
(0.016 0.02 -0.01)
(0.016 0.02 0)
(0.017 0.02 -0.01)
(0.017 0.02 0)
(0.016 0.0210001 -0.01)
(0.016 0.0210001 0)
(0.017 0.0210001 -0.01)
(0.017 0.0210001 0)
(0.014 0.0220009 -0.01)
(0.014 0.0220009 0)
(0.015 0.0220009 -0.01)
(0.015 0.0220009 0)
(0.014 0.0230046 -0.01)
(0.014 0.0230046 0)
(0.015 0.0230046 -0.01)
(0.015 0.0230046 0)
(0.016 0.0220009 -0.01)
(0.016 0.0220009 0)
(0.017 0.0220009 -0.01)
(0.017 0.0220009 0)
(0.016 0.0230046 -0.01)
(0.016 0.0230046 0)
(0.017 0.0230046 -0.01)
(0.017 0.0230046 0)
(0.018 0.02 -0.01)
(0.018 0.02 0)
(0.018 0.0210001 -0.01)
(0.018 0.0210001 0)
(0.018 0.0220009 -0.01)
(0.018 0.0220009 0)
(0.014 0.0240172 -0.01)
(0.014 0.0240172 0)
(0.015 0.0240172 -0.01)
(0.015 0.0240172 0)
(0.014 0.0250489 -0.01)
(0.014 0.0250489 0)
(0.015 0.0250489 -0.01)
(0.015 0.0250489 0)
(0.016 0.0240172 -0.01)
(0.016 0.0240172 0)
(0.017 0.0240172 -0.01)
(0.017 0.0240172 0)
(0.016 0.0250489 -0.01)
(0.016 0.0250489 0)
(0.017 0.0250489 -0.01)
(0.017 0.0250489 0)
(0.014 0.0261051 -0.01)
(0.014 0.0261051 0)
(0.015 0.0261051 -0.01)
(0.015 0.0261051 0)
(0.014 0.027165 -0.01)
(0.014 0.027165 0)
(0.015 0.027165 -0.01)
(0.015 0.027165 0)
(0.016 0.0261051 -0.01)
(0.016 0.0261051 0)
(0.017 0.0261051 -0.01)
(0.017 0.0261051 0)
(0.016 0.027165 -0.01)
(0.016 0.027165 0)
(0.017 0.027165 -0.01)
(0.017 0.027165 0)
(0.014 0.0281789 -0.01)
(0.014 0.0281789 0)
(0.015 0.0281789 -0.01)
(0.015 0.0281789 0)
(0.014 0.0291166 -0.01)
(0.014 0.0291166 0)
(0.015 0.0291166 -0.01)
(0.015 0.0291166 0)
(0.016 0.0281789 -0.01)
(0.016 0.0281789 0)
(0.017 0.0281789 -0.01)
(0.017 0.0281789 0)
(0.016 0.0291166 -0.01)
(0.016 0.0291166 0)
(0.017 0.0291166 -0.01)
(0.017 0.0291166 0)
(0 0.017 -0.01)
(0 0.017 0)
(0 0.018 -0.01)
(0 0.018 0)
(0 0.019001 -0.01)
(0 0.019001 0)
(0 0.0200018 -0.01)
(0 0.0200018 0)
(0 0.0210117 -0.01)
(0 0.0210117 0)
(0 0.022021 -0.01)
(0 0.022021 0)
(0 0.0230654 -0.01)
(0 0.0230654 0)
(0 0.0240877 -0.01)
(0 0.0240877 0)
(0 0.0251855 -0.01)
(0 0.0251855 0)
(0 0.0261782 -0.01)
(0 0.0261782 0)
(0 0.0272666 -0.01)
(0 0.0272666 0)
(0 0.0281679 -0.01)
(0 0.0281679 0)
(0.000864258 0.03 -0.01)
(0.000864258 0.03 0)
(0 0.0291357 -0.01)
(0 0.0291357 0)
(0.00182703 0.03 -0.01)
(0.00182703 0.03 0)
(0.0027334 0.03 -0.01)
(0.0027334 0.03 0)
(0.00381451 0.03 -0.01)
(0.00381451 0.03 0)
(0.00481445 0.03 -0.01)
(0.00481445 0.03 0)
(0.00590656 0.03 -0.01)
(0.00590656 0.03 0)
(0.00693457 0.03 -0.01)
(0.00693457 0.03 0)
(0.00797638 0.03 -0.01)
(0.00797638 0.03 0)
(0.00898828 0.03 -0.01)
(0.00898828 0.03 0)
(0.0099975 0.03 -0.01)
(0.0099975 0.03 0)
(0.010999 0.03 -0.01)
(0.010999 0.03 0)
(0.0119999 0.03 -0.01)
(0.0119999 0.03 0)
(0.013 0.03 -0.01)
(0.013 0.03 0)
(0.014 0.03 -0.01)
(0.014 0.03 0)
(0.015 0.03 -0.01)
(0.015 0.03 0)
(0.016 0.03 -0.01)
(0.016 0.03 0)
(0.017 0.03 -0.01)
(0.017 0.03 0)
(0 0.03 -0.01)
(0 0.03 0)
)


// ************************************************************************* //
